['000_45'] (83.60774739583333, 92.46923828125, 99.83268229166666)
['001_45'] (154.6103515625, 146.85400390625, 148.322265625)
['002_45'] (98.25211588541666, 107.39778645833333, 116.11767578125)
['003_0'] (110.23811848958333, 118.34261067708333, 122.9423828125)
['004_0'] (156.33854166666666, 162.09602864583331, 165.84195963541666)
['005_45'] (89.67024739583333, 81.06136067708333, 76.1279296875)
['006_0'] (82.53743489583333, 88.92236328125, 95.169921875)
['007_45'] (102.89973958333333, 110.01692708333333, 112.98274739583333)
['008_45'] (90.99397786458333, 104.17545572916666, 115.14680989583333)
['009_45'] (82.57877604166666, 82.67171223958333, 117.79947916666666)
['010_0'] (96.52848307291666, 103.02555338541666, 107.22428385416666)
['011_0'] (136.53548177083331, 140.20947265625, 158.33414713541666)
['012_0'] (105.61295572916666, 114.04817708333333, 122.23763020833333)
['013_0'] (77.81022135416666, 86.17154947916666, 93.84358723958333)
['014_0'] (90.60091145833333, 95.32340494791666, 100.18570963541666)
['015_0'] (107.40397135416666, 114.74609375, 117.744140625)
['016_0'] (91.43977864583333, 105.80891927083333, 122.54573567708333)
['017_45'] (100.93701171875, 105.00341796875, 107.70328776041666)
['018_0'] (114.79817708333333, 115.90625, 151.07112630208331)
['019_0'] (95.15201822916666, 102.93701171875, 104.2021484375)
['020_0'] (93.52457682291666, 102.60660807291666, 105.69417317708333)
['021_0'] (151.84602864583331, 147.17220052083331, 147.67350260416666)
['022_0'] (86.20524088541666, 101.34781901041666, 113.7548828125)
['023_0'] (106.90185546875, 122.28092447916666, 131.94661458333331)
['024_0'] (119.12874348958333, 133.17138671875, 130.56510416666666)
['025_45'] (88.56070963541666, 95.27262369791666, 102.15152994791666)
['026_0'] (111.51253255208333, 122.08072916666666, 129.59147135416666)
['027_0'] (99.83203125, 118.65006510416666, 135.09912109375)
['028_45'] (115.88248697916666, 118.44759114583333, 120.1455078125)
['029_0'] (85.55338541666666, 97.67936197916666, 107.96500651041666)
['030_45'] (88.67154947916666, 95.98828125, 103.48551432291666)
['031_45'] (109.130859375, 115.25846354166666, 118.40380859375)
['032_0'] (53.81689453125, 62.317545572916664, 71.50764973958333)
['033_0'] (102.80419921875, 106.41682942708333, 109.94124348958333)
['034_45'] (70.90869140625, 81.62369791666666, 91.92659505208333)
['035_45'] (111.26529947916666, 115.93294270833333, 119.29817708333333)
['036_45'] (115.77750651041666, 121.71712239583333, 125.07682291666666)
['037_0'] (98.49641927083333, 107.49951171875, 117.65462239583333)
['038_0'] (109.84391276041666, 118.34700520833333, 123.70784505208333)
['039_0'] (84.52652994791666, 92.78190104166666, 103.28434244791666)
['040_0'] (122.9873046875, 127.6044921875, 135.65218098958331)
['041_45'] (91.31119791666666, 95.60286458333333, 102.32698567708333)
['042_45'] (93.16162109375, 99.59944661458333, 102.06477864583333)
['043_45'] (67.4736328125, 77.16569010416666, 85.97037760416666)
['044_45'] (80.68863932291666, 84.640625, 88.34537760416666)
['045_0'] (58.28743489583333, 68.18440755208333, 73.93570963541666)
['046_0'] (102.74202473958333, 111.89664713541666, 119.57275390625)
['047_45'] (116.21842447916666, 122.28466796875, 126.3193359375)
['048_0'] (99.92220052083333, 106.20182291666666, 114.42301432291666)
['049_0'] (81.505859375, 88.66585286458333, 94.3955078125)
['050_0'] (78.11507161458333, 87.68880208333333, 90.76432291666666)
['051_0'] (96.07503255208333, 107.70377604166666, 114.76969401041666)
['052_0'] (82.51708984375, 87.67789713541666, 89.71402994791666)
['053_45'] (87.70556640625, 105.71647135416666, 123.39860026041666)
['054_45'] (83.25325520833333, 85.8828125, 93.23388671875)
['055_45'] (83.28857421875, 86.02587890625, 88.98990885416666)
['056_45'] (77.59977213541666, 89.89534505208333, 98.29671223958333)
['057_45'] (96.01123046875, 103.68408203125, 106.46419270833333)
['058_45'] (87.77457682291666, 93.4833984375, 99.29361979166666)
['059_0'] (81.78824869791666, 89.83919270833333, 95.84749348958333)
['060_45'] (98.38655598958333, 105.96402994791666, 111.67513020833333)
['061_0'] (103.93212890625, 116.1806640625, 125.72526041666666)
['062_45'] (89.71110026041666, 96.41162109375, 99.84847005208333)
['063_0'] (90.01236979166666, 97.61669921875, 103.2177734375)
['064_0'] (75.58610026041666, 84.2734375, 95.93505859375)
['065_0'] (81.36653645833333, 90.15543619791666, 102.86246744791666)
['066_0'] (87.45068359375, 92.07438151041666, 96.03450520833333)
['067_0'] (84.69596354166666, 88.18522135416666, 92.6298828125)
['068_0'] (113.88655598958333, 131.81184895833331, 141.21061197916666)
['069_0'] (61.962076822916664, 66.84879557291666, 96.64046223958333)
['070_0'] (124.19563802083333, 115.3662109375, 112.23486328125)
['071_0'] (86.9609375, 80.61116536458333, 77.75065104166666)
['072_0'] (142.02164713541666, 135.40625, 135.30061848958331)
['073_0'] (111.5234375, 101.71402994791666, 97.69368489583333)
['074_0'] (128.96012369791666, 112.56917317708333, 110.33707682291666)
['075_0'] (105.68505859375, 97.09326171875, 94.9658203125)
['076_0'] (163.46321614583331, 156.91178385416666, 157.23665364583331)
['077_0'] (104.91097005208333, 94.47998046875, 100.85400390625)
['078_0'] (121.1787109375, 101.9794921875, 99.66373697916666)
['079_0'] (148.77473958333331, 131.49641927083331, 126.80143229166666)
['080_0'] (115.51676432291666, 109.80647786458333, 106.02701822916666)
['081_45'] (114.94905598958333, 100.49820963541666, 100.46744791666666)
['082_45'] (160.42220052083331, 144.09765625, 145.63020833333331)
['083_45'] (149.65494791666666, 136.37744140625, 135.93115234375)
['084_0'] (89.34407552083333, 83.0029296875, 83.20442708333333)
['085_0'] (109.14860026041666, 103.26741536458333, 101.81461588541666)
['086_0'] (131.94482421875, 115.98274739583333, 117.89046223958333)
['087_0'] (111.70198567708333, 97.033203125, 96.05908203125)
['088_0'] (117.71598307291666, 108.18473307291666, 107.78190104166666)
['089_0'] (100.00048828125, 85.8427734375, 84.41129557291666)
['090_0'] (96.25406901041666, 87.84749348958333, 83.9453125)
['091_0'] (138.39485677083331, 122.1943359375, 121.49690755208333)
['092_45'] (95.87858072916666, 91.36555989583333, 87.75276692708333)
['093_45'] (113.98030598958333, 101.62125651041666, 98.64794921875)
['094_0'] (99.85107421875, 92.99137369791666, 92.83935546875)
['095_0'] (116.86881510416666, 110.14632161458333, 110.28173828125)
['096_0'] (114.94401041666666, 105.16715494791666, 107.91829427083333)
['097_0'] (87.56901041666666, 78.025390625, 77.6435546875)
['098_0'] (132.61865234375, 115.49739583333333, 113.90983072916666)
['099_0'] (110.02083333333333, 104.7099609375, 96.87890625)
['100_0'] (132.06298828125, 115.51985677083333, 112.025390625)
['101_0'] (142.4560546875, 138.04915364583331, 138.49544270833331)
['102_0'] (148.20768229166666, 134.48502604166666, 133.98714192708331)
['103_0'] (92.28987630208333, 80.5869140625, 90.5888671875)
['104_0'] (129.7666015625, 111.36344401041666, 132.65771484375)
['105_0'] (101.64143880208333, 92.09847005208333, 92.61555989583333)
['106_0'] (113.04866536458333, 99.26106770833333, 98.81640625)
['107_45'] (156.2822265625, 127.7548828125, 123.91422526041666)
['108_45'] (139.66878255208331, 114.73811848958333, 112.06233723958333)
['109_45'] (107.03873697916666, 84.82340494791666, 82.57080078125)
['110_0'] (139.76822916666666, 108.33040364583333, 118.17106119791666)
['111_45'] (145.95003255208331, 123.90950520833333, 118.53776041666666)
['112_0'] (114.47607421875, 96.16162109375, 95.798828125)
['113_0'] (126.84342447916666, 102.09700520833333, 97.541015625)
['114_0'] (105.29378255208333, 89.54329427083333, 86.35319010416666)
['115_0'] (101.00602213541666, 93.541015625, 97.85611979166666)
['116_0'] (92.00146484375, 81.94938151041666, 78.10791015625)
['117_0'] (90.04215494791666, 75.75162760416666, 77.45621744791666)
['118_0'] (107.97379557291666, 93.40299479166666, 108.65592447916666)
['119_45'] (119.37744140625, 114.65445963541666, 107.36100260416666)
['120_0'] (131.439453125, 103.03336588541666, 105.26204427083333)
['121_0'] (174.89908854166666, 152.23404947916666, 151.7587890625)
['122_0'] (117.75944010416666, 102.66276041666666, 96.42838541666666)
['123_45'] (106.83561197916666, 102.35432942708333, 95.01416015625)
['124_0'] (103.17138671875, 83.25227864583333, 78.84261067708333)
['125_0'] (95.07242838541666, 86.83740234375, 88.53238932291666)
['126_0'] (97.32063802083333, 79.91178385416666, 90.90771484375)
['127_0'] (122.25862630208333, 98.68831380208333, 99.8681640625)
['128_0'] (93.05045572916666, 77.20263671875, 74.31868489583333)
['129_0'] (141.39046223958331, 106.029296875, 110.07666015625)
['130_0'] (145.03971354166666, 128.78515625, 127.55875651041666)
['131_0'] (93.794921875, 82.22021484375, 83.2177734375)
['132_0'] (109.08170572916666, 101.63232421875, 100.69986979166666)
['133_0'] (96.67464192708333, 86.52278645833333, 85.51529947916666)
['134_0'] (95.00944010416666, 82.30582682291666, 80.24609375)
['135_0'] (90.22623697916666, 77.4306640625, 75.80729166666666)
['136_0'] (102.92171223958333, 91.07958984375, 90.11458333333333)
['137_0'] (120.55550130208333, 99.42154947916666, 96.42317708333333)
['138_0'] (111.578125, 100.46484375, 94.06266276041666)
['139_0'] (133.93766276041666, 117.61848958333333, 110.93229166666666)
['140_0'] (143.48860677083331, 120.52815755208333, 115.69124348958333)
['141_0'] (125.15869140625, 119.82145182291666, 116.27945963541666)
['142_0'] (111.93229166666666, 96.47705078125, 94.1171875)
['143_0'] (115.92854817708333, 94.74593098958333, 92.29541015625)
['144_0'] (89.89697265625, 80.791015625, 79.93473307291666)
['145_0'] (118.46337890625, 106.04671223958333, 100.97444661458333)
['146_0'] (129.04361979166666, 104.71565755208333, 100.46272786458333)
['147_0'] (123.50553385416666, 105.61588541666666, 100.37125651041666)
['148_0'] (119.59407552083333, 108.37906901041666, 105.8173828125)
['149_0'] (88.10546875, 72.81673177083333, 70.53776041666666)
['150_0'] (100.76025390625, 85.87255859375, 85.9365234375)
['151_0'] (148.8759765625, 134.50211588541666, 126.40022786458333)
['152_0'] (124.89632161458333, 116.43603515625, 112.04964192708333)
['153_0'] (134.8603515625, 127.92301432291666, 121.9404296875)
['154_0'] (114.77425130208333, 105.81266276041666, 99.046875)
['155_0'] (125.42936197916666, 127.8828125, 118.65218098958333)
['156_0'] (139.90673828125, 126.962890625, 115.41764322916666)
['157_0'] (113.18001302083333, 99.79996744791666, 92.37890625)
['158_0'] (97.60791015625, 92.10725911458333, 83.42008463541666)
['159_0'] (125.78108723958333, 112.03141276041666, 105.00325520833333)
['160_0'] (133.65055338541666, 115.96370442708333, 109.81005859375)
['161_0'] (136.87093098958331, 124.21158854166666, 118.39794921875)
['162_0'] (117.4873046875, 99.76578776041666, 92.25569661458333)
['163_0'] (150.67936197916666, 134.82405598958331, 128.53987630208331)
['164_0'] (95.75390625, 85.78971354166666, 90.6640625)
['165_0'] (113.81217447916666, 104.43115234375, 98.53776041666666)
['166_0'] (94.8720703125, 96.79052734375, 89.53515625)
['167_0'] (139.38704427083331, 130.43359375, 124.84619140625)
['168_0'] (83.044921875, 76.10791015625, 69.48404947916666)
['169_0'] (96.62223307291666, 95.15348307291666, 92.40901692708333)
['170_0'] (107.63997395833333, 102.71809895833333, 90.92887369791666)
['171_0'] (121.669921875, 110.40055338541666, 107.84602864583333)
['172_0'] (88.10970052083333, 86.53857421875, 77.48388671875)
['173_0'] (114.74788411458333, 119.88167317708333, 121.50439453125)
['174_0'] (72.10465494791666, 75.615234375, 74.91764322916666)
['175_0'] (147.72444661458331, 140.03499348958331, 134.20296223958331)
['176_0'] (123.53759765625, 109.26953125, 100.53434244791666)
['177_0'] (106.32845052083333, 109.35123697916666, 107.79361979166666)
['178_0'] (104.83984375, 100.98860677083333, 96.47444661458333)
['179_0'] (98.47444661458333, 105.02360026041666, 105.01627604166666)
['180_0'] (95.20475260416666, 99.92985026041666, 97.17626953125)
['181_0'] (104.92578125, 109.412109375, 98.05891927083333)
['182_0'] (103.09261067708333, 110.30810546875, 100.88623046875)
['183_0'] (90.93880208333333, 98.916015625, 92.55777994791666)
['184_0'] (87.29313151041666, 97.93815104166666, 87.46321614583333)
['185_0'] (108.23811848958333, 112.14583333333333, 114.03238932291666)
['186_45'] (92.505859375, 101.82503255208333, 94.13736979166666)
['187_0'] (95.88216145833333, 104.95475260416666, 98.7353515625)
['188_0'] (88.62125651041666, 92.35791015625, 84.84423828125)
['189_0'] (77.48844401041666, 86.54280598958333, 79.17838541666666)
['190_0'] (102.58024088541666, 102.23046875, 99.59342447916666)
['191_0'] (84.8232421875, 91.97233072916666, 83.75748697916666)
['192_0'] (89.03483072916666, 93.49430338541666, 81.5283203125)
['193_0'] (75.80615234375, 82.93424479166666, 81.60693359375)
['194_45'] (109.4375, 119.30973307291666, 108.17903645833333)
['195_45'] (88.32112630208333, 91.53336588541666, 90.06331380208333)
['196_0'] (82.92057291666666, 82.09830729166666, 84.36393229166666)
['197_45'] (87.12483723958333, 93.24609375, 90.5498046875)
['198_0'] (105.20556640625, 113.14046223958333, 102.7705078125)
['199_45'] (88.81591796875, 99.84391276041666, 91.99723307291666)
['200_0'] (114.28629557291666, 100.63981119791666, 98.64664713541666)
['201_0'] (106.65315755208333, 89.18798828125, 114.54248046875)
['202_0'] (138.9912109375, 129.7998046875, 126.52978515625)
['203_0'] (122.06966145833333, 114.65348307291666, 107.27197265625)
['204_0'] (90.71793619791666, 75.07014973958333, 81.94270833333333)
['205_0'] (105.37613932291666, 93.56852213541666, 89.69775390625)
['206_0'] (120.00618489583333, 102.67724609375, 99.45654296875)
['207_0'] (111.73193359375, 97.21451822916666, 92.0546875)
['208_0'] (123.78841145833333, 102.44905598958333, 103.95817057291666)
['209_0'] (108.39860026041666, 97.75748697916666, 106.95784505208333)
['210_0'] (94.81217447916666, 85.533203125, 80.474609375)
['211_0'] (88.64306640625, 76.70865885416666, 75.58951822916666)
['212_0'] (110.31591796875, 96.54329427083333, 91.48844401041666)
['213_0'] (118.41438802083333, 99.1220703125, 92.8427734375)
['214_0'] (118.41796875, 108.80387369791666, 105.21761067708333)
['215_0'] (109.62223307291666, 97.43033854166666, 93.8173828125)
['216_0'] (156.91243489583331, 132.470703125, 127.63688151041666)
['217_0'] (139.51025390625, 123.05192057291666, 117.52327473958333)
['218_0'] (110.35546875, 97.37516276041666, 95.34765625)
['219_0'] (86.68684895833333, 78.66276041666666, 75.59244791666666)
['220_0'] (85.11100260416666, 73.87272135416666, 82.88167317708333)
['221_0'] (101.07535807291666, 92.16048177083333, 87.82666015625)
['222_0'] (109.39485677083333, 102.30647786458333, 97.50992838541666)
['223_0'] (113.85725911458333, 95.88248697916666, 93.171875)
['224_0'] (137.18815104166666, 120.90283203125, 112.84912109375)
['225_0'] (118.57975260416666, 106.68408203125, 102.50358072916666)
['226_0'] (95.55305989583333, 87.9365234375, 82.76529947916666)
['227_0'] (100.50732421875, 89.56233723958333, 84.57421875)
['228_0'] (106.33854166666666, 98.00065104166666, 95.2080078125)
['229_0'] (112.8193359375, 83.44775390625, 81.40169270833333)
['230_0'] (128.3681640625, 108.3369140625, 101.92366536458333)
['231_0'] (122.20621744791666, 107.02034505208333, 99.72086588541666)
['232_0'] (120.11311848958333, 102.62060546875, 92.37516276041666)
['233_0'] (90.85693359375, 79.55387369791666, 76.33968098958333)
['234_45'] (138.31966145833331, 124.57242838541666, 117.37858072916666)
['235_0'] (120.41943359375, 105.43929036458333, 99.44580078125)
['236_0'] (122.0302734375, 108.38297526041666, 100.78125)
['237_45'] (104.44368489583333, 97.1181640625, 88.96240234375)
['238_0'] (153.529296875, 132.79280598958331, 129.10774739583331)
['239_0'] (96.8447265625, 84.11393229166666, 84.57796223958333)
['240_0'] (116.46321614583333, 105.35774739583333, 100.89078776041666)
['241_0'] (115.39306640625, 100.01692708333333, 100.47086588541666)
['242_0'] (132.22672526041666, 126.74495442708333, 120.01611328125)
['243_0'] (114.21533203125, 111.26692708333333, 103.30647786458333)
['244_0'] (104.822265625, 89.23893229166666, 85.39762369791666)
['245_0'] (93.9765625, 88.32698567708333, 81.93505859375)
['246_0'] (136.962890625, 126.51936848958333, 118.42513020833333)
['300_135'] (86.20084635416666, 92.41455078125, 110.24039713541666)
['301_90'] (141.61376953125, 124.71875, 132.59684244791666)
['302_90'] (160.6689453125, 143.90380859375, 164.60709635416666)
['303_45'] (113.15625, 92.6328125, 109.89583333333333)
['304_90'] (96.10302734375, 79.48909505208333, 88.7802734375)
['305_90'] (89.15787760416666, 74.7509765625, 86.81412760416666)
['306_90'] (136.62744140625, 118.16927083333333, 134.14908854166666)
['307_45'] (119.02620442708333, 103.76009114583333, 124.357421875)
['308_45'] (165.41813151041666, 144.11946614583331, 150.46533203125)
['309_90'] (158.6064453125, 137.33756510416666, 157.20003255208331)
['310_0'] (131.08919270833331, 136.37646484375, 148.70296223958331)
['311_0'] (127.41813151041666, 142.20491536458331, 140.85970052083331)
['312_0'] (106.84407552083333, 109.56966145833333, 116.3125)
['313_45'] (120.93391927083333, 130.84407552083331, 154.97119140625)
['314_0'] (118.8076171875, 132.82535807291666, 151.32356770833331)
['315_0'] (110.52506510416666, 122.61100260416666, 144.0107421875)
['316_45'] (154.79231770833331, 136.04280598958331, 144.48942057291666)
['317_45'] (162.814453125, 151.29345703125, 170.02067057291666)
['318_90'] (164.55745442708331, 146.98583984375, 155.47005208333331)
['319_0'] (103.32259114583333, 109.19108072916666, 119.49479166666666)
['320_45'] (161.23518880208331, 145.16943359375, 161.794921875)
['321_45'] (152.38688151041666, 140.2294921875, 156.01220703125)
['322_45'] (128.59798177083331, 100.98014322916666, 116.00813802083333)
['323_45'] (139.68929036458331, 120.6279296875, 129.00081380208331)
['324_90'] (117.23030598958333, 100.38037109375, 113.76383463541666)
['325_0'] (95.58723958333333, 101.23079427083333, 111.60335286458333)
['326_0'] (105.58089192708333, 109.68766276041666, 117.63199869791666)
['327_45'] (154.02229817708331, 134.13460286458331, 148.93815104166666)
['328_45'] (136.54264322916666, 125.23844401041666, 142.73697916666666)
['329_45'] (170.06852213541666, 153.83772786458331, 169.5439453125)
['330_0'] (148.98893229166666, 134.38460286458331, 150.01611328125)
['331_0'] (74.90641276041666, 77.22867838541666, 82.06282552083333)
['332_90'] (92.51953125, 98.91178385416666, 106.04052734375)
['333_0'] (101.76041666666666, 109.66764322916666, 121.91341145833333)
['334_0'] (101.68489583333333, 104.66552734375, 109.37174479166666)
['335_45'] (102.13997395833333, 92.72672526041666, 113.03727213541666)
['336_90'] (117.27278645833333, 97.34602864583333, 116.27408854166666)
['337_45'] (136.51285807291666, 119.50179036458333, 145.52945963541666)
['338_45'] (118.4541015625, 104.98209635416666, 125.30680338541666)
['339_90'] (117.50748697916666, 91.23518880208333, 119.0283203125)
['340_90'] (116.56429036458333, 104.98876953125, 114.34212239583333)
['341_0'] (143.36083984375, 129.82259114583331, 146.59488932291666)
['342_0'] (114.86897786458333, 122.45556640625, 144.64322916666666)
['343_45'] (162.57958984375, 149.61002604166666, 164.22412109375)
['344_0'] (89.25113932291666, 93.6064453125, 103.28662109375)
['345_90'] (82.81005859375, 74.095703125, 81.63981119791666)
['346_0'] (105.69222005208333, 109.06233723958333, 130.28662109375)
['347_45'] (104.74658203125, 117.18017578125, 132.67301432291666)
['348_45'] (166.50423177083331, 142.67350260416666, 148.37923177083331)
['350_45'] (101.92887369791666, 105.6337890625, 120.67301432291666)
['351_45'] (85.607421875, 86.13509114583333, 102.4267578125)
['353_90'] (90.64469401041666, 77.2529296875, 108.82259114583333)
['354_90'] (104.16666666666666, 81.95263671875, 113.1689453125)
['355_0'] (115.32096354166666, 120.45638020833333, 134.36751302083331)
['357_0'] (101.01529947916666, 105.01904296875, 106.96370442708333)
['358_0'] (78.79150390625, 81.16617838541666, 85.15673828125)
['359_0'] (106.76904296875, 107.27408854166666, 115.29280598958333)
['360_45'] (119.1064453125, 123.94449869791666, 133.51106770833331)
['361_0'] (88.37955729166666, 92.05826822916666, 102.01953125)
['362_90'] (123.29654947916666, 110.84423828125, 125.55924479166666)
['364_45'] (92.92057291666666, 93.21435546875, 116.23779296875)
['365_0'] (95.34733072916666, 110.87027994791666, 131.13688151041666)
['366_0'] (133.23990885416666, 146.67513020833331, 155.14908854166666)
['367_0'] (111.67985026041666, 113.3310546875, 122.9375)
['368_90'] (106.53059895833333, 90.39420572916666, 115.419921875)
['369_90'] (119.3466796875, 97.79915364583333, 135.2822265625)
['370_0'] (100.39778645833333, 104.39518229166666, 108.21923828125)
['371_0'] (135.97493489583331, 124.53076171875, 138.50862630208331)
['372_90'] (98.68001302083333, 70.57080078125, 78.48291015625)
['373_0'] (102.54329427083333, 106.97672526041666, 118.6064453125)
['374_90'] (122.43424479166666, 96.3740234375, 112.98209635416666)
['375_90'] (76.64615885416666, 52.35888671875, 65.91243489583333)
['376_45'] (112.16796875, 86.79296875, 100.73258463541666)
['377_90'] (117.78076171875, 90.44873046875, 108.22607421875)
['378_45'] (75.99202473958333, 53.048990885416664, 65.23046875)
['379_0'] (115.79134114583333, 124.42024739583333, 136.9638671875)
['380_0'] (106.53206380208333, 111.92903645833333, 122.1611328125)
['381_90'] (116.97981770833333, 95.33219401041666, 105.05940755208333)
['382_0'] (109.95442708333333, 123.24495442708333, 144.17220052083331)
['383_0'] (130.48909505208331, 139.24479166666666, 154.86979166666666)
['384_45'] (95.27408854166666, 99.0400390625, 108.00260416666666)
['385_45'] (93.27685546875, 77.68033854166666, 103.23502604166666)
['386_45'] (81.935546875, 60.28255208333333, 75.35579427083333)
['387_0'] (111.06363932291666, 121.72005208333333, 141.90201822916666)
['388_45'] (84.95345052083333, 67.99690755208333, 91.48974609375)
['389_0'] (108.95003255208333, 119.65494791666666, 137.95475260416666)
['390_90'] (109.01123046875, 92.18619791666666, 103.33414713541666)
['391_0'] (84.32307942708333, 85.63362630208333, 92.982421875)
['392_0'] (89.52229817708333, 96.82259114583333, 101.75537109375)
['393_0'] (95.85856119791666, 100.49202473958333, 110.22298177083333)
['394_90'] (99.63671875, 75.70279947916666, 84.52490234375)
['395_90'] (88.07682291666666, 65.19938151041666, 74.63688151041666)
['500_90'] (84.97184244791666, 93.94417317708333, 93.0771484375)
['501_0'] (118.46826171875, 122.71305338541666, 121.68440755208333)
['502_45'] (99.42919921875, 103.43001302083333, 106.63736979166666)
['503_0'] (87.83805338541666, 88.26139322916666, 87.56070963541666)
['504_90'] (105.40885416666666, 116.77734375, 121.2158203125)
['505_0'] (101.72281901041666, 104.62076822916666, 105.6337890625)
['506_0'] (86.91910807291666, 90.03580729166666, 89.5322265625)
['507_0'] (77.4345703125, 83.77099609375, 85.54427083333333)
['508_90'] (113.98421223958333, 122.3603515625, 118.55631510416666)
['509_90'] (116.43636067708333, 108.46614583333333, 130.17854817708331)
['510_0'] (78.89225260416666, 79.84375, 75.44156901041666)
['511_90'] (101.07747395833333, 112.08072916666666, 116.96223958333333)
['512_0'] (124.27652994791666, 124.35546875, 125.46793619791666)
['513_90'] (79.94547526041666, 82.33675130208333, 83.28824869791666)
['514_0'] (93.79378255208333, 109.58675130208333, 123.54215494791666)
['515_0'] (103.94254557291666, 106.26595052083333, 105.86702473958333)
['516_0'] (136.56005859375, 123.80550130208333, 114.1171875)
['517_90'] (95.916015625, 106.11735026041666, 119.65755208333333)
['518_0'] (121.26025390625, 127.05989583333333, 129.02392578125)
['519_0'] (138.86881510416666, 136.53108723958331, 136.28938802083331)
['520_90'] (78.65413411458333, 79.71533203125, 102.93033854166666)
['521_90'] (64.24283854166666, 69.96354166666666, 70.76969401041666)
['522_0'] (95.1748046875, 99.00960286458333, 96.62337239583333)
['523_0'] (123.423828125, 128.13069661458331, 176.07747395833331)
['524_0'] (119.95670572916666, 124.57486979166666, 126.92854817708333)
['525_0'] (105.0283203125, 102.67138671875, 99.63102213541666)
['526_0'] (95.65055338541666, 97.41780598958333, 111.91585286458333)
['527_0'] (123.13151041666666, 124.35693359375, 123.85970052083333)
['528_0'] (91.54964192708333, 93.15934244791666, 91.38834635416666)
['529_0'] (171.46012369791666, 183.24153645833331, 188.986328125)
['531_0'] (121.92610677083333, 118.22428385416666, 115.82047526041666)
['532_0'] (72.78466796875, 71.45719401041666, 70.58919270833333)
['533_0'] (126.95328776041666, 130.560546875, 133.7685546875)
['534_135'] (108.16145833333333, 114.98990885416666, 113.30501302083333)
['535_90'] (95.26123046875, 98.99967447916666, 99.81022135416666)
['536_0'] (169.38199869791666, 166.70930989583331, 167.72249348958331)
['537_90'] (97.91064453125, 109.46028645833333, 106.11995442708333)
['538_0'] (134.04069010416666, 131.27815755208331, 128.86165364583331)
['539_0'] (97.59505208333333, 103.89046223958333, 104.03125)
['540_0'] (122.19791666666666, 126.22998046875, 124.94140625)
['541_0'] (145.11588541666666, 151.69580078125, 156.01253255208331)
['542_90'] (85.36783854166666, 96.25244140625, 97.72330729166666)
['543_0'] (100.39501953125, 102.81787109375, 119.56949869791666)
['544_90'] (112.79329427083333, 120.10595703125, 118.99104817708333)
['545_0'] (102.6708984375, 113.30924479166666, 118.79248046875)
['546_90'] (81.81363932291666, 87.92789713541666, 86.52229817708333)
['547_0'] (104.8740234375, 105.78352864583333, 108.11783854166666)
['548_0'] (76.63444010416666, 83.88785807291666, 107.90104166666666)
['549_90'] (106.20361328125, 106.37255859375, 104.18994140625)
['550_90'] (75.40608723958333, 83.5712890625, 82.5234375)
['551_90'] (131.23779296875, 142.70735677083331, 143.40055338541666)
['552_90'] (92.47281901041666, 100.32275390625, 101.13118489583333)
['553_0'] (91.86100260416666, 98.87841796875, 103.24641927083333)
['554_0'] (103.9365234375, 114.19612630208333, 115.98518880208333)
['555_90'] (100.24609375, 104.21223958333333, 107.158203125)
['556_0'] (80.00065104166666, 81.22086588541666, 81.78287760416666)
['557_0'] (97.11897786458333, 103.7724609375, 106.72574869791666)
['558_0'] (143.6181640625, 142.37239583333331, 140.01350911458331)
['560_0'] (71.42545572916666, 75.48763020833333, 74.94905598958333)
['561_0'] (133.32063802083331, 133.68489583333331, 130.61702473958331)
['562_90'] (89.15266927083333, 96.30159505208333, 115.91585286458333)
['563_90'] (112.70166015625, 123.25602213541666, 123.73063151041666)
['564_0'] (148.0654296875, 152.18017578125, 144.37093098958331)
['565_90'] (116.00406901041666, 127.44352213541666, 128.6328125)
['566_0'] (128.99983723958331, 135.90641276041666, 138.76953125)
['567_90'] (96.08642578125, 102.23014322916666, 99.28092447916666)
['568_0'] (86.97770182291666, 90.78743489583333, 92.15071614583333)
['569_90'] (110.77490234375, 118.97493489583333, 118.4580078125)
['570_0'] (60.70247395833333, 61.771647135416664, 65.79329427083333)
['571_0'] (151.8837890625, 150.18863932291666, 148.83365885416666)
['572_0'] (125.68522135416666, 133.78434244791666, 146.43603515625)
['573_0'] (141.251953125, 150.07991536458331, 154.09358723958331)
['574_0'] (132.44889322916666, 144.25, 145.30208333333331)
['575_0'] (134.03336588541666, 147.22249348958331, 148.38020833333331)
['576_45'] (121.87288411458333, 124.61653645833333, 126.7490234375)
['577_0'] (151.68896484375, 153.03369140625, 156.20621744791666)
['578_45'] (149.62841796875, 150.55143229166666, 150.619140625)
['579_0'] (120.87239583333333, 130.66975911458331, 127.02815755208333)
['580_0'] (137.90022786458331, 142.03678385416666, 150.19986979166666)
['581_45'] (136.673828125, 143.74576822916666, 147.802734375)
['582_0'] (137.99365234375, 147.73909505208331, 151.83414713541666)
['583_0'] (138.93180338541666, 148.720703125, 163.0537109375)
['584_0'] (119.91487630208333, 125.20328776041666, 121.51546223958333)
['585_45'] (158.13151041666666, 160.70865885416666, 160.96712239583331)
['587_45'] (124.14371744791666, 132.78059895833331, 134.85026041666666)
['588_0'] (132.98372395833331, 137.08772786458331, 132.21012369791666)
['589_0'] (146.26448567708331, 147.06510416666666, 171.97347005208331)
['590_45'] (143.85400390625, 150.11897786458331, 153.16845703125)
['591_0'] (127.86767578125, 141.55940755208331, 139.61572265625)
['592_45'] (117.51155598958333, 127.80631510416666, 132.62027994791666)
['593_45'] (131.44775390625, 138.078125, 166.01123046875)
['594_45'] (133.05989583333331, 141.3173828125, 146.82047526041666)
['595_0'] (114.47574869791666, 116.80501302083333, 115.24479166666666)
['596_45'] (99.36279296875, 103.88330078125, 106.76774088541666)
['597_45'] (147.59016927083331, 149.12223307291666, 152.50244140625)
['598_0'] (122.61995442708333, 131.80143229166666, 132.83740234375)
['599_0'] (127.64518229166666, 129.22835286458331, 124.87158203125)
['600_0'] (148.88785807291666, 154.94889322916666, 157.59065755208331)
['601_0'] (114.03743489583333, 117.69938151041666, 116.02360026041666)
['603_45'] (118.82649739583333, 125.82047526041666, 129.5087890625)
['604_0'] (111.04410807291666, 117.896484375, 132.06917317708331)
['605_90'] (121.97005208333333, 130.77376302083331, 142.46419270833331)
['606_0'] (104.55712890625, 121.56461588541666, 120.77783203125)
['607_0'] (125.4423828125, 128.92252604166666, 157.35432942708331)
['608_45'] (136.103515625, 136.92041015625, 137.13753255208331)
['609_0'] (141.17643229166666, 145.14388020833331, 147.03206380208331)
['610_45'] (144.31656901041666, 151.28955078125, 161.62581380208331)
['611_45'] (121.43684895833333, 129.70052083333331, 139.41389973958331)
['612_0'] (122.1494140625, 133.22867838541666, 135.93636067708331)
['613_0'] (100.47330729166666, 102.61165364583333, 103.34293619791666)
['614_45'] (101.01546223958333, 107.75341796875, 108.275390625)
['615_0'] (131.23551432291666, 131.1298828125, 129.8271484375)
['616_45'] (91.46516927083333, 93.61067708333333, 93.90494791666666)
['617_0'] (120.18929036458333, 130.77376302083331, 138.21907552083331)
['618_0'] (106.48323567708333, 114.40673828125, 136.58121744791666)
['619_45'] (101.83447265625, 103.32340494791666, 112.27360026041666)
['620_45'] (117.7197265625, 121.10921223958333, 120.7138671875)
['621_45'] (111.88199869791666, 114.37320963541666, 134.55501302083331)
['622_45'] (84.04150390625, 90.75764973958333, 91.43798828125)
['623_0'] (137.9599609375, 142.1748046875, 143.76546223958331)
['624_45'] (110.89225260416666, 116.96175130208333, 122.900390625)
['625_135'] (143.63688151041666, 151.68994140625, 158.55745442708331)
['626_45'] (108.17643229166666, 121.98844401041666, 122.19612630208333)
['627_90'] (109.93831380208333, 115.16748046875, 123.55045572916666)
['628_0'] (119.57047526041666, 114.44775390625, 131.88492838541666)
['629_45'] (68.37027994791666, 72.02978515625, 73.4013671875)
['630_45'] (87.30110677083333, 91.58528645833333, 91.86995442708333)
['631_45'] (134.37386067708331, 130.94514973958331, 129.35139973958331)
['632_0'] (139.4765625, 138.802734375, 152.15413411458331)
['633_45'] (128.19156901041666, 131.58479817708331, 131.65364583333331)
['634_0'] (139.9677734375, 148.85758463541666, 145.60172526041666)
['635_0'] (128.07177734375, 132.7685546875, 133.88720703125)
['636_45'] (67.72705078125, 73.04361979166666, 73.07584635416666)
['637_45'] (81.9482421875, 89.79508463541666, 90.08186848958333)
['638_90'] (89.81591796875, 100.71923828125, 106.65511067708333)
['639_0'] (129.34147135416666, 146.02294921875, 144.06217447916666)
['640_45'] (84.21012369791666, 90.11458333333333, 92.55354817708333)
['641_0'] (139.00699869791666, 153.47021484375, 151.75651041666666)
['642_0'] (148.1875, 153.04947916666666, 156.544921875)
['643_45'] (145.74462890625, 148.0849609375, 148.62662760416666)
['645_45'] (92.65364583333333, 98.61637369791666, 102.27425130208333)
['646_45'] (137.29150390625, 138.02962239583331, 137.71028645833331)
['647_0'] (147.38118489583331, 148.18408203125, 142.48404947916666)
['648_45'] (155.09635416666666, 160.68391927083331, 161.6201171875)
['649_45'] (107.22493489583333, 114.46419270833333, 116.08821614583333)
['650_45'] (92.36783854166666, 99.9169921875, 117.48746744791666)
['651_45'] (114.91650390625, 121.94189453125, 127.60693359375)
['652_45'] (104.03531901041666, 112.59554036458333, 117.28629557291666)
['653_45'] (82.02962239583333, 88.73779296875, 91.52311197916666)
['654_0'] (85.84065755208333, 98.833984375, 97.26806640625)
['655_45'] (71.69156901041666, 78.46240234375, 80.92333984375)
['656_0'] (103.28938802083333, 111.68701171875, 120.53727213541666)
['657_45'] (101.06266276041666, 105.38313802083333, 110.58821614583333)
['658_45'] (121.39892578125, 125.33154296875, 129.42708333333331)
['659_0'] (133.33463541666666, 130.22819010416666, 126.7734375)
['660_0'] (97.90885416666666, 112.79361979166666, 110.962890625)
['661_0'] (96.70133463541666, 106.45865885416666, 106.10856119791666)
['662_0'] (109.34619140625, 112.50162760416666, 116.86848958333333)
['664_0'] (148.25944010416666, 156.63753255208331, 156.62272135416666)
['666_0'] (82.56315104166666, 83.51236979166666, 85.43701171875)
['667_0'] (143.42350260416666, 149.71809895833331, 158.02392578125)
['669_0'] (138.51643880208331, 138.73958333333331, 145.92106119791666)
['670_45'] (150.66682942708331, 149.86539713541666, 145.044921875)
['671_0'] (87.00309244791666, 96.6552734375, 97.17626953125)
['672_45'] (95.59000651041666, 103.693359375, 107.02457682291666)
['673_0'] (134.55696614583331, 147.20068359375, 153.0341796875)
['674_0'] (107.4169921875, 121.93310546875, 121.45035807291666)
['675_0'] (141.72216796875, 140.8359375, 141.78857421875)
['676_0'] (131.0751953125, 140.38509114583331, 147.63020833333331)
['677_45'] (150.71110026041666, 154.77945963541666, 160.17724609375)
['678_45'] (113.58349609375, 122.51155598958333, 127.18587239583333)
['679_0'] (99.27473958333333, 104.72412109375, 108.15462239583333)
['680_0'] (139.21175130208331, 146.74267578125, 156.11897786458331)
['682_45'] (142.40657552083331, 151.20947265625, 156.83333333333331)
['683_45'] (140.53336588541666, 143.57649739583331, 141.16422526041666)
['684_45'] (87.2783203125, 94.86588541666666, 94.62174479166666)
['685_0'] (72.2021484375, 80.80322265625, 83.61474609375)
['686_0'] (116.89420572916666, 124.98844401041666, 131.62744140625)
['687_45'] (103.90950520833333, 111.32161458333333, 115.10660807291666)
['689_45'] (72.76025390625, 86.5703125, 85.24381510416666)
['690_45'] (112.27604166666666, 117.34391276041666, 120.94840494791666)
['692_0'] (100.29915364583333, 110.22119140625, 116.15559895833333)
['693_45'] (78.0234375, 83.21321614583333, 85.31396484375)
['696_45'] (106.67692057291666, 125.65185546875, 132.87646484375)
['697_45'] (89.45784505208333, 101.79459635416666, 112.515625)
['698_90'] (58.8251953125, 66.82291666666666, 67.81754557291666)
['699_90'] (119.50732421875, 115.69287109375, 112.65576171875)
['700_45'] (88.8818359375, 94.9814453125, 100.86018880208333)
['701_45'] (91.40738932291666, 98.78336588541666, 102.67317708333333)
['702_45'] (62.18017578125, 60.824869791666664, 73.68326822916666)
['703_0'] (129.28108723958331, 145.15087890625, 143.70621744791666)
['705_0'] (133.76969401041666, 136.5595703125, 140.94466145833331)
['706_0'] (125.54443359375, 124.77083333333333, 123.19026692708333)
['707_0'] (103.30712890625, 109.013671875, 117.59684244791666)
['708_0'] (95.73323567708333, 104.03597005208333, 106.49462890625)
['709_45'] (126.93668619791666, 129.88102213541666, 135.1552734375)
['711_0'] (122.37223307291666, 133.96614583333331, 133.34114583333331)
['713_45'] (113.775390625, 114.083984375, 126.87711588541666)
['714_0'] (147.58756510416666, 152.2490234375, 160.46223958333331)
['715_0'] (109.53580729166666, 115.27099609375, 119.80452473958333)
['716_90'] (150.24723307291666, 162.15104166666666, 165.47037760416666)
['717_0'] (143.41292317708331, 154.76399739583331, 160.4140625)
['720_0'] (129.890625, 127.22330729166666, 123.96126302083333)
['721_45'] (87.12093098958333, 92.82096354166666, 102.00862630208333)
['722_0'] (90.80419921875, 94.49283854166666, 93.48942057291666)
['723_0'] (56.05908203125, 68.65364583333333, 67.94514973958333)
['724_45'] (123.48942057291666, 123.1494140625, 105.33821614583333)
['725_45'] (74.56624348958333, 79.28564453125, 142.30143229166666)
['726_45'] (96.48746744791666, 98.90787760416666, 104.32275390625)
['728_0'] (74.21940104166666, 87.58268229166666, 85.72900390625)
['729_45'] (96.63460286458333, 104.91178385416666, 110.5576171875)
['731_45'] (124.98404947916666, 128.45279947916666, 131.54833984375)
['732_45'] (104.20556640625, 107.33040364583333, 110.21891276041666)
['733_0'] (70.95052083333333, 78.95963541666666, 78.4052734375)
['734_45'] (101.95589192708333, 101.20654296875, 102.17301432291666)
['735_45'] (100.884765625, 109.67513020833333, 114.74283854166666)
['736_0'] (91.203125, 92.86767578125, 103.41682942708333)
['737_0'] (108.07486979166666, 113.57047526041666, 120.78743489583333)
['738_0'] (91.58447265625, 106.55598958333333, 101.76057942708333)
['740_0'] (159.88102213541666, 165.66715494791666, 161.18522135416666)
['741_45'] (114.15494791666666, 110.05875651041666, 103.55598958333333)
['800_0'] (95.47021484375, 96.50162760416666, 97.39534505208333)
['801_45'] (120.09505208333333, 124.34407552083333, 129.59309895833331)
['802_45'] (89.60953776041666, 93.88118489583333, 99.60335286458333)
['803_45'] (134.37093098958331, 135.38590494791666, 139.5146484375)
['804_45'] (106.43489583333333, 103.80615234375, 105.77164713541666)
['805_45'] (110.87679036458333, 109.06787109375, 108.34033203125)
['806_45'] (87.90657552083333, 92.10286458333333, 91.63004557291666)
['807_45'] (100.04361979166666, 104.98746744791666, 109.86751302083333)
['808_45'] (101.29524739583333, 103.50390625, 106.75667317708333)
['809_0'] (111.10872395833333, 114.14029947916666, 124.42154947916666)
['811_0'] (88.77848307291666, 93.45589192708333, 91.91422526041666)
['812_0'] (90.7568359375, 94.94140625, 99.32080078125)
['813_0'] (126.99527994791666, 125.677734375, 125.75667317708333)
['814_0'] (85.51513671875, 96.61979166666666, 99.345703125)
['815_0'] (85.2998046875, 91.69873046875, 96.44352213541666)
['816_45'] (83.92073567708333, 88.55338541666666, 90.82633463541666)
['817_0'] (91.53369140625, 119.66324869791666, 110.35774739583333)
['818_0'] (96.93994140625, 102.64046223958333, 102.60856119791666)
['819_0'] (112.53857421875, 113.2705078125, 117.00179036458333)
['820_0'] (81.4326171875, 85.658203125, 90.29459635416666)
['821_0'] (87.39095052083333, 95.14339192708333, 93.29231770833333)
['822_45'] (104.76399739583333, 107.2314453125, 110.86474609375)
['823_315'] (96.35400390625, 92.84326171875, 103.06184895833333)
['824_0'] (92.27571614583333, 99.23909505208333, 105.44368489583333)
['825_0'] (83.80029296875, 92.30485026041666, 90.65364583333333)
['826_0'] (85.70686848958333, 88.46158854166666, 90.69026692708333)
['827_45'] (83.1943359375, 87.5966796875, 97.07779947916666)
['828_0'] (77.43326822916666, 86.89095052083333, 87.33024088541666)
['829_45'] (121.77685546875, 126.8603515625, 124.19449869791666)
['830_45'] (81.66064453125, 86.4970703125, 88.68863932291666)
['831_0'] (75.99088541666666, 83.45914713541666, 83.06591796875)
['832_0'] (92.53727213541666, 101.77490234375, 106.25048828125)
['833_0'] (95.51806640625, 99.84993489583333, 105.25325520833333)
['834_45'] (84.01871744791666, 81.11767578125, 97.72770182291666)
['835_0'] (131.82747395833331, 139.64046223958331, 143.794921875)
['836_0'] (91.94596354166666, 92.47379557291666, 93.67936197916666)
['837_45'] (107.21484375, 115.7958984375, 118.94498697916666)
['838_0'] (115.79736328125, 122.10237630208333, 125.54085286458333)
['839_45'] (87.28743489583333, 93.576171875, 94.52392578125)
['840_45'] (108.18343098958333, 113.43912760416666, 112.02652994791666)
['841_45'] (91.81949869791666, 91.21516927083333, 89.32389322916666)
['842_0'] (85.21305338541666, 86.00927734375, 125.60367838541666)
['843_0'] (100.0146484375, 103.80436197916666, 117.32373046875)
['844_0'] (90.34521484375, 97.45166015625, 103.45458984375)
['845_45'] (112.64420572916666, 123.43733723958333, 114.05777994791666)
['846_0'] (102.20166015625, 108.93815104166666, 115.71712239583333)
['847_0'] (90.3076171875, 89.26953125, 93.31982421875)
['848_0'] (105.123046875, 118.30501302083333, 129.90185546875)
['849_0'] (122.03597005208333, 122.74674479166666, 125.33056640625)
['850_0'] (102.623046875, 107.24300130208333, 110.89176432291666)
['851_0'] (97.55680338541666, 102.54150390625, 103.63248697916666)
['852_45'] (114.61409505208333, 122.4912109375, 125.67757161458333)
['853_0'] (97.55924479166666, 99.75439453125, 103.06640625)
['854_0'] (83.39095052083333, 91.38850911458333, 92.35416666666666)
['855_45'] (106.51318359375, 111.82991536458333, 117.39876302083333)
['856_0'] (85.54345703125, 94.79117838541666, 94.62906901041666)
['858_0'] (95.0205078125, 96.33268229166666, 93.79313151041666)
['859_45'] (117.65494791666666, 122.75895182291666, 124.05436197916666)
['860_0'] (74.06022135416666, 79.90462239583333, 86.71614583333333)
['861_0'] (97.47200520833333, 102.33219401041666, 99.8681640625)
['862_0'] (116.80354817708333, 117.94970703125, 122.40006510416666)
['863_45'] (94.26920572916666, 95.98974609375, 95.2861328125)
['864_0'] (83.91520182291666, 91.45247395833333, 87.11930338541666)
['865_0'] (97.63671875, 100.22574869791666, 92.66357421875)
['866_0'] (66.25651041666666, 82.21354166666666, 97.86149088541666)
['867_0'] (107.24251302083333, 112.677734375, 115.56787109375)
['868_45'] (111.08854166666666, 111.583984375, 142.41194661458331)
['869_0'] (116.12255859375, 116.36962890625, 121.45817057291666)
['870_45'] (89.39990234375, 92.46451822916666, 101.06705729166666)
['871_0'] (64.91943359375, 71.53938802083333, 76.49886067708333)
['872_0'] (106.30875651041666, 111.25341796875, 112.33626302083333)
['873_0'] (106.88216145833333, 106.69222005208333, 110.52783203125)
