['000_45'] (86.53190104166666, 92.28759765625, 92.1455078125)
['001_90'] (87.92692057291666, 85.52897135416666, 85.04622395833333)
['002_90'] (87.14908854166666, 91.25602213541666, 93.1845703125)
['003_90'] (88.18440755208333, 90.91927083333333, 88.30013020833333)
['004_90'] (101.97672526041666, 106.62841796875, 108.77083333333333)
['005_90'] (94.63069661458333, 88.20166015625, 79.0517578125)
['006_90'] (77.48421223958333, 80.19384765625, 80.53694661458333)
['007_90'] (87.25797526041666, 92.76171875, 95.04557291666666)
['008_90'] (91.43359375, 101.85367838541666, 107.14860026041666)
['009_90'] (97.78922526041666, 101.39567057291666, 116.12679036458333)
['010_90'] (92.541015625, 97.66324869791666, 96.18001302083333)
['011_90'] (111.69596354166666, 109.99446614583333, 121.78678385416666)
['012_90'] (93.27473958333333, 100.41927083333333, 105.5380859375)
['013_90'] (98.32958984375, 105.1337890625, 107.310546875)
['014_90'] (89.54150390625, 98.2119140625, 98.90185546875)
['015_90'] (75.0263671875, 83.8193359375, 87.26595052083333)
['016_90'] (80.22200520833333, 85.95963541666666, 96.09065755208333)
['017_90'] (87.83675130208333, 93.92985026041666, 96.11376953125)
['018_90'] (85.25651041666666, 92.10026041666666, 100.5390625)
['019_45'] (73.29833984375, 78.26953125, 79.50472005208333)
['020_90'] (96.62125651041666, 102.98649088541666, 101.61572265625)
['021_90'] (134.95035807291666, 133.18082682291666, 128.41845703125)
['022_45'] (83.0009765625, 95.32486979166666, 102.56201171875)
['023_90'] (112.0380859375, 120.98958333333333, 123.00439453125)
['024_45'] (88.47574869791666, 103.89274088541666, 99.77701822916666)
['025_90'] (108.26529947916666, 112.70035807291666, 113.13199869791666)
['026_45'] (84.30061848958333, 92.59847005208333, 96.21923828125)
['027_45'] (87.77229817708333, 102.68391927083333, 113.43033854166666)
['028_90'] (102.25699869791666, 105.18489583333333, 103.99951171875)
['029_90'] (80.58658854166666, 88.98551432291666, 94.68863932291666)
['030_90'] (71.13395182291666, 77.0625, 83.62451171875)
['031_90'] (101.86263020833333, 109.56005859375, 110.11702473958333)
['032_90'] (74.29947916666666, 85.54606119791666, 78.10416666666666)
['033_90'] (97.50162760416666, 102.20198567708333, 102.64192708333333)
['034_90'] (83.77783203125, 90.98974609375, 95.2158203125)
['035_90'] (101.4384765625, 107.49365234375, 108.09147135416666)
['036_90'] (84.11783854166666, 89.27750651041666, 89.09326171875)
['037_90'] (99.70393880208333, 103.56689453125, 104.99446614583333)
['038_90'] (64.75667317708333, 72.33707682291666, 76.68082682291666)
['039_90'] (75.65869140625, 80.34293619791666, 100.61490885416666)
['040_90'] (87.12190755208333, 93.32161458333333, 95.04606119791666)
['041_90'] (93.16731770833333, 95.48258463541666, 97.45621744791666)
['042_90'] (89.58512369791666, 93.89632161458333, 93.76334635416666)
['043_90'] (78.1669921875, 82.64697265625, 83.73876953125)
['044_90'] (98.19173177083333, 100.78531901041666, 98.75260416666666)
['045_90'] (64.36018880208333, 71.5888671875, 71.85481770833333)
['046_45'] (100.2001953125, 103.81412760416666, 108.4658203125)
['047_90'] (123.43277994791666, 125.94254557291666, 125.31217447916666)
['048_90'] (96.66959635416666, 103.39664713541666, 108.93310546875)
['049_90'] (91.26920572916666, 98.34765625, 99.19775390625)
['050_90'] (84.62662760416666, 94.74625651041666, 96.26627604166666)
['051_90'] (80.28971354166666, 88.88753255208333, 93.40006510416666)
['052_90'] (79.61702473958333, 85.33642578125, 86.29817708333333)
['053_90'] (75.787109375, 92.82666015625, 104.67936197916666)
['054_90'] (94.50537109375, 97.43473307291666, 102.44694010416666)
['055_90'] (91.46337890625, 96.64599609375, 96.39404296875)
['056_90'] (71.06494140625, 83.03076171875, 85.36197916666666)
['057_90'] (100.50927734375, 112.31201171875, 110.828125)
['058_90'] (96.69677734375, 103.73942057291666, 106.10530598958333)
['059_90'] (75.66422526041666, 79.81852213541666, 81.26123046875)
['060_90'] (110.31038411458333, 116.62337239583333, 117.97021484375)
['061_90'] (112.13020833333333, 118.93684895833333, 120.74430338541666)
['062_90'] (88.92740885416666, 93.24137369791666, 91.61181640625)
['063_90'] (95.03776041666666, 97.90364583333333, 99.09456380208333)
['064_90'] (98.16259765625, 104.30777994791666, 110.32454427083333)
['065_45'] (75.26822916666666, 78.70589192708333, 85.79524739583333)
['066_90'] (83.96468098958333, 87.13395182291666, 87.71028645833333)
['067_90'] (113.64697265625, 109.27685546875, 103.87093098958333)
['068_90'] (104.07145182291666, 115.73193359375, 118.40950520833333)
['069_90'] (77.66569010416666, 76.96956380208333, 93.52278645833333)
['070_90'] (95.1552734375, 95.6416015625, 88.84602864583333)
['071_90'] (69.15901692708333, 73.04573567708333, 68.556640625)
['072_90'] (84.7373046875, 86.4736328125, 83.83675130208333)
['073_90'] (81.66959635416666, 84.15006510416666, 78.59912109375)
['074_90'] (87.16715494791666, 80.39371744791666, 75.20328776041666)
['075_90'] (81.01302083333333, 84.2255859375, 79.47216796875)
['076_90'] (81.55826822916666, 71.9775390625, 67.76448567708333)
['077_90'] (65.29768880208333, 69.62386067708333, 67.44026692708333)
['078_90'] (72.36979166666666, 67.64827473958333, 64.27897135416666)
['079_90'] (109.80680338541666, 112.7333984375, 104.73502604166666)
['080_90'] (72.21647135416666, 71.890625, 66.33772786458333)
['081_90'] (75.787109375, 71.96891276041666, 66.18359375)
['082_90'] (76.72119140625, 69.8427734375, 70.20052083333333)
['083_90'] (104.19921875, 94.57926432291666, 88.47509765625)
['084_90'] (66.79720052083333, 66.66292317708333, 62.52880859375)
['085_90'] (67.12174479166666, 69.693359375, 65.87890625)
['086_90'] (91.91715494791666, 84.40364583333333, 81.46110026041666)
['087_90'] (78.29361979166666, 78.03824869791666, 71.17789713541666)
['088_90'] (66.16373697916666, 66.71354166666666, 62.453125)
['089_90'] (103.65966796875, 111.93522135416666, 108.85725911458333)
['090_90'] (85.90901692708333, 80.40901692708333, 75.48844401041666)
['091_90'] (112.98128255208333, 106.16129557291666, 100.78727213541666)
['092_90'] (82.85042317708333, 88.00944010416666, 82.478515625)
['093_90'] (94.94645182291666, 99.46321614583333, 93.66227213541666)
['094_90'] (78.15006510416666, 84.19287109375, 81.18245442708333)
['095_90'] (76.10205078125, 81.47184244791666, 76.52001953125)
['096_90'] (71.31298828125, 70.91048177083333, 66.68815104166666)
['097_90'] (75.18359375, 74.40152994791666, 69.00455729166666)
['098_90'] (112.45458984375, 116.31038411458333, 114.16178385416666)
['099_90'] (79.6650390625, 82.70279947916666, 78.34895833333333)
['100_90'] (96.859375, 92.40755208333333, 91.06396484375)
['101_90'] (93.15966796875, 94.07242838541666, 84.06884765625)
['102_90'] (80.4970703125, 84.71272786458333, 79.91455078125)
['103_90'] (72.22037760416666, 71.42317708333333, 67.90787760416666)
['104_90'] (104.16927083333333, 109.10416666666666, 108.48421223958333)
['105_90'] (70.94694010416666, 77.28466796875, 74.11165364583333)
['106_90'] (89.32796223958333, 88.79606119791666, 87.50520833333333)
['107_90'] (98.7646484375, 95.39664713541666, 89.77522786458333)
['108_90'] (105.70947265625, 103.35481770833333, 99.0185546875)
['109_90'] (89.33740234375, 83.54134114583333, 79.42366536458333)
['110_90'] (103.02180989583333, 99.15120442708333, 103.29720052083333)
['111_90'] (88.68489583333333, 86.447265625, 79.337890625)
['112_90'] (77.23453776041666, 73.15641276041666, 68.11279296875)
['113_90'] (87.63997395833333, 89.21809895833333, 84.71354166666666)
['114_90'] (87.56070963541666, 85.02571614583333, 81.55159505208333)
['115_90'] (87.89925130208333, 86.31770833333333, 83.27180989583333)
['116_90'] (71.06901041666666, 73.84212239583333, 67.30045572916666)
['117_90'] (89.09716796875, 85.12874348958333, 81.20231119791666)
['118_90'] (83.39225260416666, 81.48746744791666, 83.00423177083333)
['119_90'] (89.06087239583333, 95.78466796875, 91.66796875)
['120_90'] (83.7294921875, 83.67919921875, 82.68636067708333)
['121_90'] (120.81298828125, 120.68343098958333, 114.67643229166666)
['122_90'] (80.86149088541666, 81.52164713541666, 73.60270182291666)
['123_90'] (67.271484375, 67.908203125, 61.74251302083333)
['124_90'] (90.13411458333333, 94.67854817708333, 92.13248697916666)
['125_90'] (65.43636067708333, 68.25813802083333, 63.455078125)
['126_90'] (66.23844401041666, 64.45686848958333, 62.43798828125)
['127_90'] (80.29622395833333, 76.4013671875, 73.3896484375)
['128_90'] (75.279296875, 82.4248046875, 81.72900390625)
['129_90'] (86.56022135416666, 77.56396484375, 73.98990885416666)
['130_90'] (135.912109375, 123.85286458333333, 118.30615234375)
['131_90'] (65.2216796875, 67.88037109375, 62.96175130208333)
['132_90'] (79.26106770833333, 80.84440104166666, 74.04329427083333)
['133_90'] (80.78662109375, 84.24625651041666, 79.19742838541666)
['134_90'] (77.35432942708333, 75.55257161458333, 70.43408203125)
['135_90'] (82.908203125, 90.40983072916666, 87.75244140625)
['136_90'] (94.94775390625, 95.01155598958333, 90.93766276041666)
['137_90'] (99.5322265625, 92.53369140625, 86.68196614583333)
['138_90'] (80.98811848958333, 78.30354817708333, 71.26676432291666)
['139_90'] (88.58138020833333, 84.44352213541666, 79.35286458333333)
['140_90'] (92.71728515625, 89.96061197916666, 83.26253255208333)
['141_90'] (97.49560546875, 104.2783203125, 102.22770182291666)
['142_90'] (89.61116536458333, 95.91520182291666, 94.29817708333333)
['143_90'] (88.93961588541666, 83.52473958333333, 77.11181640625)
['144_90'] (81.15543619791666, 84.57535807291666, 78.96321614583333)
['145_90'] (82.04215494791666, 86.88704427083333, 85.38134765625)
['146_90'] (92.83235677083333, 86.6572265625, 79.052734375)
['147_90'] (100.79329427083333, 97.177734375, 90.42805989583333)
['148_90'] (91.1904296875, 90.5537109375, 83.4052734375)
['149_90'] (66.89095052083333, 66.43522135416666, 59.97509765625)
['150_90'] (81.2529296875, 85.05403645833333, 83.22216796875)
['151_90'] (122.51383463541666, 112.27164713541666, 97.48486328125)
['152_90'] (113.04117838541666, 109.65608723958333, 95.74837239583333)
['153_90'] (108.75830078125, 98.47509765625, 87.68473307291666)
['154_90'] (94.67496744791666, 88.03206380208333, 78.314453125)
['155_90'] (106.30908203125, 101.74088541666666, 91.10660807291666)
['156_90'] (110.37141927083333, 96.31868489583333, 87.111328125)
['157_90'] (126.45166015625, 104.73095703125, 96.94921875)
['158_90'] (99.23209635416666, 91.13492838541666, 81.53157552083333)
['159_90'] (100.03043619791666, 94.24690755208333, 82.11214192708333)
['160_90'] (107.99479166666666, 98.33170572916666, 84.91064453125)
['161_90'] (108.81608072916666, 97.65999348958333, 86.76106770833333)
['162_90'] (95.09749348958333, 78.77701822916666, 72.09586588541666)
['163_90'] (118.0234375, 109.5244140625, 95.67805989583333)
['164_90'] (96.60107421875, 90.9423828125, 82.05436197916666)
['165_90'] (94.52262369791666, 90.44287109375, 79.79166666666666)
['166_90'] (86.50553385416666, 84.21402994791666, 75.04215494791666)
['167_90'] (108.81233723958333, 95.90983072916666, 87.16389973958333)
['168_90'] (96.28483072916666, 88.36930338541666, 80.212890625)
['169_90'] (88.48746744791666, 77.23616536458333, 74.22721354166666)
['170_90'] (106.58821614583333, 98.60774739583333, 86.49251302083333)
['171_90'] (108.20589192708333, 96.71175130208333, 88.97884114583333)
['172_90'] (84.91357421875, 71.40462239583333, 68.18375651041666)
['173_90'] (102.83707682291666, 106.3349609375, 103.71761067708333)
['174_90'] (76.42171223958333, 69.59195963541666, 64.73291015625)
['175_90'] (125.38639322916666, 117.18277994791666, 103.7822265625)
['176_90'] (98.27360026041666, 89.439453125, 77.58414713541666)
['177_180'] (111.86409505208333, 107.71337890625, 105.56022135416666)
['178_180'] (120.94059244791666, 124.75065104166666, 122.07633463541666)
['179_135'] (106.9619140625, 117.85823567708333, 111.30924479166666)
['180_135'] (104.00927734375, 115.68391927083333, 106.15885416666666)
['181_180'] (90.35498046875, 93.67252604166666, 90.75)
['182_180'] (102.52327473958333, 107.22119140625, 105.67154947916666)
['183_135'] (100.29524739583333, 104.177734375, 104.0283203125)
['184_135'] (97.00927734375, 102.2744140625, 101.361328125)
['185_180'] (101.22688802083333, 103.71598307291666, 101.341796875)
['186_135'] (95.68912760416666, 100.3349609375, 98.83675130208333)
['187_180'] (67.86344401041666, 69.451171875, 75.40836588541666)
['188_135'] (99.34033203125, 106.00911458333333, 106.259765625)
['189_135'] (100.04280598958333, 100.66943359375, 106.40364583333333)
['190_180'] (89.66634114583333, 92.83138020833333, 88.08821614583333)
['191_180'] (104.94108072916666, 109.27701822916666, 106.98844401041666)
['192_180'] (88.98714192708333, 90.7626953125, 86.14078776041666)
['193_135'] (86.3701171875, 93.22281901041666, 85.78580729166666)
['194_135'] (100.53206380208333, 101.84944661458333, 100.73502604166666)
['195_180'] (87.11930338541666, 89.97900390625, 85.86881510416666)
['196_180'] (99.98323567708333, 100.21484375, 102.49755859375)
['197_135'] (90.44270833333333, 98.57926432291666, 89.96858723958333)
['198_180'] (93.48795572916666, 95.0498046875, 93.55501302083333)
['199_135'] (97.94986979166666, 102.28108723958333, 101.5634765625)
['200_90'] (116.11669921875, 109.05110677083333, 99.39615885416666)
['201_90'] (102.06656901041666, 90.32666015625, 96.84342447916666)
['202_90'] (107.4873046875, 100.42431640625, 90.36800130208333)
['203_90'] (98.85970052083333, 96.52913411458333, 84.20621744791666)
['204_90'] (104.65608723958333, 93.83544921875, 90.42626953125)
['205_45'] (64.87451171875, 57.28841145833333, 53.298828125)
['206_90'] (106.19742838541666, 105.02457682291666, 90.0185546875)
['207_90'] (98.94303385416666, 98.81119791666666, 85.65852864583333)
['208_90'] (99.81298828125, 86.36295572916666, 80.20670572916666)
['209_90'] (95.83984375, 89.47786458333333, 86.11474609375)
['210_90'] (87.92594401041666, 83.93017578125, 73.36572265625)
['211_90'] (100.94287109375, 100.21207682291666, 88.67415364583333)
['212_90'] (92.94742838541666, 84.28059895833333, 75.55305989583333)
['213_90'] (117.4873046875, 111.56266276041666, 96.82633463541666)
['214_90'] (118.88167317708333, 118.5390625, 105.5078125)
['215_90'] (93.36897786458333, 92.5234375, 79.953125)
['216_90'] (138.20930989583331, 121.46077473958333, 109.078125)
['217_45'] (126.94352213541666, 114.78238932291666, 106.8671875)
['218_90'] (98.95345052083333, 98.59928385416666, 85.10791015625)
['219_90'] (91.6220703125, 86.80533854166666, 79.20865885416666)
['220_90'] (108.47981770833333, 100.8076171875, 97.99788411458333)
['221_45'] (82.96142578125, 77.23063151041666, 69.02620442708333)
['222_90'] (106.43440755208333, 97.29020182291666, 89.28401692708333)
['223_90'] (109.82779947916666, 102.49088541666666, 90.56119791666666)
['224_90'] (132.99202473958331, 128.93619791666666, 110.9169921875)
['225_90'] (106.38069661458333, 103.0517578125, 96.97102864583333)
['226_90'] (97.29752604166666, 87.75162760416666, 81.12809244791666)
['227_90'] (105.48844401041666, 97.84847005208333, 87.27766927083333)
['228_90'] (94.75748697916666, 90.8349609375, 81.19954427083333)
['229_90'] (108.81722005208333, 90.39436848958333, 82.81136067708333)
['230_90'] (107.10205078125, 94.65999348958333, 85.01188151041666)
['231_90'] (100.27360026041666, 99.05875651041666, 83.66780598958333)
['232_90'] (103.40625, 92.69759114583333, 79.72054036458333)
['233_90'] (92.63981119791666, 87.03955078125, 77.79866536458333)
['234_90'] (120.46370442708333, 114.93994140625, 97.99186197916666)
['235_90'] (116.47151692708333, 112.10237630208333, 98.31722005208333)
['236_90'] (107.23811848958333, 102.78824869791666, 90.32080078125)
['237_90'] (112.43391927083333, 103.76302083333333, 92.93587239583333)
['238_90'] (123.43131510416666, 114.11555989583333, 102.59977213541666)
['239_90'] (102.17333984375, 101.44677734375, 92.16227213541666)
['240_90'] (103.16520182291666, 99.48811848958333, 86.17692057291666)
['241_90'] (99.20930989583333, 92.8251953125, 81.79475911458333)
['242_90'] (119.10091145833333, 116.97330729166666, 104.76123046875)
['243_90'] (106.35465494791666, 109.3466796875, 95.12955729166666)
['244_90'] (95.72135416666666, 87.19694010416666, 79.30647786458333)
['245_90'] (80.576171875, 80.23486328125, 69.07405598958333)
['246_90'] (143.11295572916666, 127.44173177083333, 121.82486979166666)
['300_180'] (92.13395182291666, 74.14111328125, 92.57828776041666)
['301_135'] (116.94645182291666, 120.115234375, 123.12109375)
['302_180'] (98.7880859375, 101.58984375, 110.17561848958333)
['303_90'] (83.248046875, 84.84879557291666, 85.90266927083333)
['304_180'] (112.89762369791666, 121.15885416666666, 124.11393229166666)
['305_180'] (121.48453776041666, 133.38850911458331, 142.14876302083331)
['306_180'] (142.53304036458331, 149.24641927083331, 166.763671875)
['307_180'] (112.02685546875, 115.04215494791666, 124.32503255208333)
['308_180'] (103.1025390625, 105.35758463541666, 106.01090494791666)
['309_135'] (103.17008463541666, 103.87874348958333, 112.61165364583333)
['310_135'] (170.5859375, 159.25569661458331, 170.31575520833331)
['311_90'] (132.01399739583331, 120.35009765625, 122.34879557291666)
['312_135'] (153.5986328125, 135.88151041666666, 163.796875)
['313_90'] (133.89957682291666, 119.96793619791666, 141.26871744791666)
['314_90'] (143.83154296875, 124.47298177083333, 141.05289713541666)
['315_90'] (129.43831380208331, 114.49332682291666, 127.69694010416666)
['316_135'] (110.39583333333333, 118.71826171875, 128.5390625)
['317_135'] (103.97542317708333, 107.97379557291666, 118.74544270833333)
['318_180'] (120.1181640625, 123.22184244791666, 136.03287760416666)
['319_90'] (112.14241536458333, 87.39306640625, 93.13997395833333)
['320_135'] (101.63639322916666, 106.14192708333333, 115.87093098958333)
['321_135'] (103.68310546875, 109.09895833333333, 121.29166666666666)
['322_135'] (104.45052083333333, 107.69921875, 117.96516927083333)
['323_180'] (97.28173828125, 99.11865234375, 105.68636067708333)
['324_180'] (114.09586588541666, 122.14371744791666, 135.4599609375)
['325_90'] (118.43440755208333, 96.2861328125, 104.30973307291666)
['326_135'] (154.64615885416666, 132.91129557291666, 143.83544921875)
['327_135'] (114.49055989583333, 120.59912109375, 132.78434244791666)
['328_180'] (103.82047526041666, 113.02685546875, 129.31966145833331)
['329_135'] (118.86165364583333, 128.17903645833331, 145.66552734375)
['330_135'] (120.6484375, 128.24055989583331, 142.04280598958331)
['331_90'] (104.04052734375, 75.9013671875, 83.28792317708333)
['332_180'] (133.21744791666666, 102.59488932291666, 129.2001953125)
['333_90'] (151.00032552083331, 126.06136067708333, 137.51513671875)
['334_135'] (145.06949869791666, 126.96630859375, 142.04248046875)
['335_180'] (103.66845703125, 109.33040364583333, 115.13932291666666)
['336_180'] (97.43798828125, 100.18424479166666, 118.29720052083333)
['337_135'] (89.4375, 92.71175130208333, 97.66910807291666)
['338_135'] (115.27457682291666, 121.74967447916666, 128.75244140625)
['339_90'] (121.21419270833333, 121.693359375, 123.26416015625)
['340_180'] (102.36751302083333, 111.68619791666666, 127.18245442708333)
['341_90'] (115.037109375, 122.87044270833333, 131.251953125)
['342_90'] (99.99658203125, 81.39534505208333, 105.09098307291666)
['343_180'] (107.77392578125, 113.810546875, 125.15250651041666)
['344_90'] (87.9111328125, 72.49560546875, 80.11263020833333)
['345_180'] (91.556640625, 98.23681640625, 111.51513671875)
['346_135'] (130.75130208333331, 107.39225260416666, 125.41520182291666)
['347_135'] (115.29964192708333, 101.63899739583333, 125.53499348958333)
['348_135'] (100.45458984375, 105.03824869791666, 112.63444010416666)
['350_135'] (126.58219401041666, 99.50602213541666, 134.03662109375)
['351_180'] (119.44368489583333, 84.38720703125, 142.12646484375)
['353_135'] (65.61604817708333, 67.7158203125, 82.68815104166666)
['354_180'] (109.88346354166666, 119.41780598958333, 137.62320963541666)
['355_90'] (127.96354166666666, 116.74576822916666, 127.32779947916666)
['357_90'] (141.56477864583331, 119.10286458333333, 125.11018880208333)
['358_90'] (91.76546223958333, 73.26578776041666, 81.71891276041666)
['359_135'] (119.03841145833333, 101.98258463541666, 116.21240234375)
['360_135'] (138.20703125, 117.34098307291666, 127.23893229166666)
['361_90'] (108.57389322916666, 92.13948567708333, 108.70524088541666)
['362_180'] (137.25797526041666, 137.92805989583331, 151.89778645833331)
['364_180'] (135.89664713541666, 100.53971354166666, 148.81429036458331)
['365_90'] (106.029296875, 95.10807291666666, 104.56608072916666)
['366_90'] (118.85856119791666, 100.84765625, 109.94791666666666)
['367_135'] (98.25309244791666, 78.478515625, 97.45703125)
['368_180'] (102.87353515625, 105.0458984375, 115.16455078125)
['369_180'] (112.3193359375, 117.95849609375, 132.27587890625)
['370_180'] (93.88850911458333, 74.9560546875, 94.13167317708333)
['371_135'] (102.0546875, 105.75895182291666, 115.87939453125)
['372_180'] (104.21451822916666, 106.67838541666666, 109.80159505208333)
['373_90'] (95.21451822916666, 68.43668619791666, 77.291015625)
['374_180'] (104.81819661458333, 106.87906901041666, 127.06949869791666)
['375_180'] (102.783203125, 102.07014973958333, 116.17692057291666)
['376_135'] (102.79720052083333, 105.58675130208333, 112.89388020833333)
['377_180'] (97.21354166666666, 99.92350260416666, 105.00227864583333)
['378_180'] (84.09456380208333, 85.7470703125, 89.42513020833333)
['379_90'] (125.64436848958333, 115.98470052083333, 127.90055338541666)
['380_90'] (103.46158854166666, 85.48974609375, 101.96549479166666)
['381_180'] (119.50325520833333, 121.28434244791666, 132.47477213541666)
['382_90'] (59.333658854166664, 51.321940104166664, 62.095703125)
['383_90'] (94.43815104166666, 79.22444661458333, 91.58642578125)
['384_90'] (87.40218098958333, 74.57275390625, 82.93619791666666)
['385_135'] (119.32731119791666, 122.67041015625, 128.53434244791666)
['386_180'] (101.77669270833333, 103.8076171875, 106.91666666666666)
['387_90'] (91.42692057291666, 76.11442057291666, 91.62532552083333)
['388_135'] (83.34830729166666, 85.111328125, 90.1357421875)
['389_90'] (107.52620442708333, 83.10953776041666, 101.4189453125)
['390_180'] (118.59700520833333, 128.61409505208331, 140.33056640625)
['391_135'] (92.61669921875, 66.22021484375, 83.73779296875)
['392_135'] (69.78873697916666, 53.92171223958333, 65.02001953125)
['393_135'] (94.25276692708333, 80.50048828125, 107.00016276041666)
['394_180'] (102.06315104166666, 109.67838541666666, 120.61767578125)
['395_180'] (101.38248697916666, 104.16959635416666, 109.84993489583333)
['500_180'] (85.75162760416666, 89.88736979166666, 91.50992838541666)
['501_90'] (128.65266927083331, 133.72965494791666, 134.73323567708331)
['502_135'] (97.037109375, 98.6474609375, 101.62548828125)
['503_90'] (83.32633463541666, 90.47965494791666, 90.63932291666666)
['504_180'] (86.50537109375, 96.14241536458333, 101.24251302083333)
['505_90'] (141.2578125, 151.57356770833331, 156.24202473958331)
['506_90'] (82.33349609375, 83.05908203125, 82.685546875)
['507_90'] (84.07014973958333, 90.44954427083333, 94.29329427083333)
['508_180'] (122.63736979166666, 107.67008463541666, 97.73307291666666)
['509_180'] (128.69791666666666, 114.24755859375, 133.89469401041666)
['510_45'] (73.857421875, 80.18245442708333, 80.06070963541666)
['511_180'] (70.94075520833333, 75.59488932291666, 74.91015625)
['512_90'] (85.68196614583333, 90.2958984375, 94.58414713541666)
['513_180'] (63.23876953125, 64.55045572916666, 60.86279296875)
['514_45'] (81.76643880208333, 91.86116536458333, 96.48860677083333)
['515_90'] (98.97412109375, 106.06852213541666, 107.86490885416666)
['516_90'] (86.37923177083333, 89.40218098958333, 90.607421875)
['517_180'] (94.23958333333333, 97.25276692708333, 101.07470703125)
['518_90'] (105.05973307291666, 112.69905598958333, 112.8515625)
['519_90'] (117.83512369791666, 118.47330729166666, 117.16129557291666)
['520_180'] (108.43294270833333, 107.09602864583333, 118.89860026041666)
['521_180'] (123.30143229166666, 124.97265625, 119.8720703125)
['522_90'] (106.61962890625, 109.31591796875, 109.6748046875)
['523_90'] (84.90006510416666, 93.29654947916666, 118.05631510416666)
['524_90'] (112.82080078125, 118.35042317708333, 119.20735677083333)
['525_90'] (93.29606119791666, 101.74755859375, 99.75)
['526_90'] (86.70068359375, 94.37841796875, 98.85400390625)
['527_90'] (113.79036458333333, 122.62923177083333, 119.59407552083333)
['528_90'] (102.11702473958333, 109.76953125, 102.98779296875)
['529_90'] (99.2822265625, 112.45540364583333, 113.0615234375)
['531_90'] (110.451171875, 117.94254557291666, 114.07503255208333)
['532_90'] (88.55208333333333, 95.97672526041666, 94.27815755208333)
['533_90'] (105.02799479166666, 111.18375651041666, 113.6103515625)
['534_180'] (136.66455078125, 139.0126953125, 139.69124348958331)
['535_180'] (112.05924479166666, 113.23942057291666, 111.72477213541666)
['536_90'] (112.06461588541666, 114.42464192708333, 115.33577473958333)
['537_180'] (94.74153645833333, 97.21419270833333, 95.13053385416666)
['538_90'] (130.15478515625, 132.12158203125, 134.66520182291666)
['539_90'] (95.55224609375, 104.83577473958333, 106.83902994791666)
['540_90'] (112.29150390625, 120.94645182291666, 118.86604817708333)
['541_90'] (104.16780598958333, 115.13948567708333, 117.22314453125)
['542_180'] (93.47412109375, 100.66650390625, 110.06803385416666)
['543_90'] (75.22314453125, 81.4814453125, 85.49446614583333)
['544_180'] (95.97493489583333, 96.97965494791666, 96.21337890625)
['545_90'] (105.2578125, 116.02490234375, 118.05452473958333)
['546_180'] (84.97412109375, 90.0791015625, 87.62044270833333)
['547_90'] (97.50520833333333, 102.50048828125, 105.091796875)
['548_180'] (57.933268229166664, 59.229166666666664, 69.62613932291666)
['549_180'] (86.06966145833333, 89.61214192708333, 88.00358072916666)
['550_180'] (89.20670572916666, 91.55647786458333, 90.5146484375)
['551_135'] (57.098795572916664, 57.95166015625, 58.68017578125)
['552_180'] (99.08528645833333, 101.45426432291666, 107.2861328125)
['553_90'] (91.55419921875, 101.50960286458333, 104.27490234375)
['554_90'] (91.69270833333333, 102.79703776041666, 101.79296875)
['555_180'] (133.63736979166666, 130.71256510416666, 135.28841145833331)
['556_90'] (108.4560546875, 115.09602864583333, 116.66048177083333)
['557_90'] (82.63297526041666, 89.57259114583333, 89.46451822916666)
['558_90'] (138.18831380208331, 136.33170572916666, 134.41813151041666)
['560_90'] (87.10026041666666, 96.68424479166666, 94.14388020833333)
['561_90'] (130.4150390625, 135.01741536458331, 129.14078776041666)
['562_180'] (155.91227213541666, 161.83626302083331, 195.04150390625)
['563_180'] (104.44498697916666, 109.24918619791666, 108.0205078125)
['564_90'] (96.7470703125, 104.69791666666666, 96.43684895833333)
['565_180'] (114.94482421875, 123.18033854166666, 125.94108072916666)
['566_90'] (123.67708333333333, 134.49039713541666, 140.73079427083331)
['567_180'] (96.2373046875, 91.18098958333333, 86.30029296875)
['568_90'] (98.37483723958333, 108.8076171875, 105.59700520833333)
['569_180'] (121.75211588541666, 123.32194010416666, 126.53645833333333)
['570_180'] (75.44791666666666, 78.49300130208333, 78.67350260416666)
['571_90'] (117.09293619791666, 120.46419270833333, 118.83430989583333)
['572_90'] (95.41878255208333, 106.28580729166666, 106.81168619791666)
['573_90'] (83.82080078125, 89.87874348958333, 90.43782552083333)
['574_135'] (133.59212239583331, 137.24267578125, 139.95133463541666)
['575_45'] (118.10481770833333, 125.55143229166666, 126.8837890625)
['576_180'] (131.52083333333331, 132.61051432291666, 130.03141276041666)
['577_180'] (101.20296223958333, 103.30029296875, 103.64192708333333)
['578_180'] (100.23063151041666, 104.0458984375, 104.62565104166666)
['579_180'] (132.02294921875, 133.22900390625, 130.91048177083331)
['580_180'] (107.671875, 115.908203125, 135.7890625)
['581_135'] (109.7998046875, 114.62451171875, 116.6357421875)
['582_135'] (127.1640625, 131.646484375, 133.15836588541666)
['583_135'] (115.53727213541666, 125.0146484375, 136.74251302083331)
['584_180'] (119.27652994791666, 134.63151041666666, 131.81966145833331)
['585_135'] (107.15869140625, 114.873046875, 117.30891927083333)
['587_135'] (153.83577473958331, 152.83561197916666, 149.23046875)
['588_135'] (122.40869140625, 127.51448567708333, 125.87076822916666)
['589_135'] (115.24609375, 118.59065755208333, 141.17333984375)
['590_180'] (128.70345052083331, 137.212890625, 138.27392578125)
['591_45'] (113.75569661458333, 123.265625, 120.86653645833333)
['592_135'] (139.7607421875, 144.92220052083331, 146.57731119791666)
['593_135'] (141.208984375, 147.64371744791666, 182.34065755208331)
['594_180'] (150.29606119791666, 150.96533203125, 150.08821614583331)
['595_180'] (125.9423828125, 130.92610677083331, 128.654296875)
['596_180'] (153.79410807291666, 161.00472005208331, 157.40283203125)
['597_180'] (132.94449869791666, 132.77294921875, 136.18538411458331)
['598_135'] (145.25439453125, 153.30013020833331, 156.69938151041666)
['599_180'] (130.18050130208331, 121.52587890625, 120.34879557291666)
['600_135'] (119.09391276041666, 120.12646484375, 121.63053385416666)
['601_135'] (119.18766276041666, 123.3193359375, 122.24462890625)
['603_180'] (95.33170572916666, 107.44938151041666, 108.13004557291666)
['604_180'] (154.44921875, 154.7587890625, 157.81201171875)
['605_180'] (108.51643880208333, 108.86735026041666, 136.5537109375)
['606_180'] (104.42561848958333, 114.58821614583333, 115.77685546875)
['607_180'] (93.19970703125, 101.88395182291666, 109.94352213541666)
['608_135'] (110.90852864583333, 112.71321614583333, 109.5537109375)
['609_180'] (116.6220703125, 127.83447265625, 127.052734375)
['610_135'] (107.82014973958333, 114.00651041666666, 117.25113932291666)
['611_180'] (117.8466796875, 130.73356119791666, 135.61995442708331)
['612_180'] (133.62727864583331, 145.95198567708331, 150.494140625)
['613_180'] (112.3974609375, 112.82503255208333, 110.0615234375)
['614_180'] (150.97184244791666, 154.70052083333331, 154.68001302083331)
['615_180'] (118.02945963541666, 130.66845703125, 129.61669921875)
['616_180'] (158.93782552083331, 154.66845703125, 152.45100911458331)
['617_135'] (116.015625, 122.0546875, 124.0849609375)
['618_180'] (105.50276692708333, 115.9052734375, 124.80745442708333)
['619_135'] (88.73763020833333, 93.35172526041666, 95.00813802083333)
['620_135'] (116.08805338541666, 120.27083333333333, 120.43815104166666)
['621_135'] (106.76676432291666, 112.78450520833333, 116.89583333333333)
['622_180'] (123.35677083333333, 130.15120442708331, 133.33854166666666)
['623_180'] (93.375, 101.6650390625, 102.19140625)
['624_135'] (147.33919270833331, 154.974609375, 158.9794921875)
['625_180'] (144.19368489583331, 153.96940104166666, 157.27262369791666)
['626_180'] (104.5751953125, 112.39762369791666, 113.72639973958333)
['627_180'] (136.74104817708331, 135.1201171875, 160.43326822916666)
['628_135'] (101.12093098958333, 107.43603515625, 116.21516927083333)
['629_135'] (115.77848307291666, 117.58756510416666, 118.75830078125)
['630_135'] (143.74609375, 139.75439453125, 135.63785807291666)
['631_180'] (120.04703776041666, 124.57731119791666, 122.48844401041666)
['632_180'] (130.97509765625, 139.32568359375, 140.60384114583331)
['633_180'] (126.99381510416666, 133.19661458333331, 136.25423177083331)
['634_180'] (104.8779296875, 111.54313151041666, 107.60335286458333)
['635_135'] (94.83317057291666, 100.71240234375, 101.02311197916666)
['636_180'] (103.14404296875, 105.22623697916666, 103.67724609375)
['637_180'] (109.70979817708333, 121.58170572916666, 124.744140625)
['638_180'] (97.56119791666666, 108.9306640625, 111.69368489583333)
['639_180'] (76.6953125, 95.5419921875, 91.62923177083333)
['640_180'] (104.08528645833333, 106.28304036458333, 109.98404947916666)
['641_180'] (121.25358072916666, 133.14664713541666, 131.60856119791666)
['642_135'] (136.65234375, 140.4169921875, 141.45963541666666)
['643_135'] (102.51676432291666, 106.31770833333333, 107.65559895833333)
['645_180'] (90.96207682291666, 96.33056640625, 97.27685546875)
['646_90'] (82.724609375, 87.32633463541666, 87.5751953125)
['647_180'] (113.04752604166666, 120.45393880208333, 122.15592447916666)
['648_135'] (106.63313802083333, 117.22526041666666, 119.61995442708333)
['649_180'] (128.67936197916666, 134.68001302083331, 136.97021484375)
['650_135'] (88.17464192708333, 87.0595703125, 123.78157552083333)
['651_135'] (148.50797526041666, 159.4267578125, 172.13720703125)
['652_135'] (124.4482421875, 123.03125, 123.86197916666666)
['653_135'] (110.2802734375, 114.92008463541666, 114.97037760416666)
['654_180'] (113.38460286458333, 118.39811197916666, 120.16617838541666)
['655_135'] (81.63590494791666, 84.02506510416666, 84.96761067708333)
['656_135'] (105.19270833333333, 115.37923177083333, 125.34098307291666)
['657_135'] (111.6123046875, 119.88362630208333, 125.47574869791666)
['658_180'] (132.76383463541666, 143.01204427083331, 147.28011067708331)
['659_45'] (124.142578125, 119.86848958333333, 118.81005859375)
['660_135'] (137.0849609375, 141.36946614583331, 140.38313802083331)
['661_180'] (113.46061197916666, 114.52229817708333, 102.59065755208333)
['662_180'] (119.28092447916666, 127.86930338541666, 128.806640625)
['664_135'] (123.59293619791666, 133.68391927083331, 133.3681640625)
['666_180'] (88.5693359375, 91.33317057291666, 90.82356770833333)
['667_180'] (80.60319010416666, 82.53336588541666, 93.01285807291666)
['669_180'] (102.67350260416666, 105.13606770833333, 110.99430338541666)
['670_135'] (106.84049479166666, 111.54899088541666, 110.14957682291666)
['671_180'] (111.91422526041666, 122.14860026041666, 122.33430989583333)
['672_135'] (102.58675130208333, 105.3427734375, 104.24397786458333)
['673_180'] (97.53873697916666, 99.0478515625, 110.60888671875)
['674_180'] (119.57161458333333, 132.42138671875, 134.77620442708331)
['675_180'] (82.27880859375, 86.74235026041666, 86.84309895833333)
['676_180'] (87.19401041666666, 94.30126953125, 97.55582682291666)
['677_135'] (106.57942708333333, 110.77115885416666, 113.93636067708333)
['678_135'] (126.67757161458333, 132.5693359375, 129.255859375)
['679_180'] (130.49137369791666, 138.18359375, 137.20003255208331)
['680_180'] (96.44921875, 103.36669921875, 108.58675130208333)
['682_135'] (88.37727864583333, 99.98665364583333, 103.57405598958333)
['683_180'] (75.73600260416666, 81.32633463541666, 85.62776692708333)
['684_135'] (101.388671875, 106.15641276041666, 105.89225260416666)
['685_180'] (72.982421875, 76.48225911458333, 75.22932942708333)
['686_180'] (143.2314453125, 145.6513671875, 140.68489583333331)
['687_135'] (146.37939453125, 151.216796875, 154.798828125)
['689_180'] (129.76595052083331, 140.060546875, 137.6875)
['690_135'] (89.185546875, 90.6201171875, 89.94140625)
['692_180'] (121.24495442708333, 127.9560546875, 136.16194661458331)
['693_135'] (84.04541015625, 83.66845703125, 83.72623697916666)
['696_180'] (112.75081380208333, 117.46630859375, 117.43570963541666)
['697_90'] (93.69889322916666, 105.30843098958333, 114.07893880208333)
['698_180'] (56.670084635416664, 64.42350260416666, 64.13688151041666)
['699_180'] (127.09733072916666, 118.87190755208333, 111.99544270833333)
['700_180'] (93.37451171875, 99.96110026041666, 105.83430989583333)
['701_135'] (101.11311848958333, 108.67366536458333, 107.47591145833333)
['702_135'] (105.2255859375, 97.99300130208333, 128.10042317708331)
['703_135'] (128.6767578125, 131.83251953125, 131.88850911458331)
['705_180'] (134.62337239583331, 143.25162760416666, 147.86344401041666)
['706_90'] (120.30126953125, 120.91682942708333, 124.29280598958333)
['707_180'] (107.14143880208333, 108.57112630208333, 121.54378255208333)
['708_180'] (113.94986979166666, 122.87239583333333, 124.50944010416666)
['709_135'] (112.72444661458333, 121.67838541666666, 127.19417317708333)
['711_180'] (92.2021484375, 95.44449869791666, 93.0615234375)
['713_180'] (92.65576171875, 99.11344401041666, 103.15673828125)
['714_180'] (135.8046875, 145.79264322916666, 153.17757161458331)
['715_135'] (124.90201822916666, 133.47265625, 135.18863932291666)
['716_0'] (110.00504557291666, 115.86686197916666, 118.54345703125)
['717_180'] (104.47151692708333, 110.52180989583333, 115.7578125)
['720_135'] (99.46354166666666, 103.04215494791666, 102.94222005208333)
['721_135'] (93.40071614583333, 101.08479817708333, 104.84521484375)
['722_180'] (143.84195963541666, 144.43359375, 139.29427083333331)
['723_180'] (91.07747395833333, 95.21370442708333, 91.71012369791666)
['724_135'] (83.15201822916666, 87.21240234375, 77.08154296875)
['725_135'] (73.31722005208333, 77.4599609375, 137.63264973958331)
['726_135'] (94.353515625, 95.26725260416666, 103.05419921875)
['728_180'] (82.57926432291666, 84.5625, 84.52522786458333)
['729_180'] (106.81233723958333, 106.57063802083333, 104.70442708333333)
['731_180'] (97.29736328125, 101.08414713541666, 102.06901041666666)
['732_180'] (92.97542317708333, 96.48193359375, 99.82731119791666)
['733_180'] (98.58544921875, 100.30908203125, 99.42936197916666)
['734_135'] (102.18782552083333, 110.28483072916666, 115.77880859375)
['735_180'] (107.91471354166666, 113.81070963541666, 114.1845703125)
['736_180'] (137.94580078125, 142.05550130208331, 153.30712890625)
['737_180'] (122.89469401041666, 127.3486328125, 130.80322265625)
['738_180'] (128.90673828125, 130.69108072916666, 120.46744791666666)
['740_90'] (94.01432291666666, 105.19840494791666, 101.30729166666666)
['741_135'] (86.69612630208333, 91.11181640625, 91.50341796875)
['800_135'] (102.94059244791666, 107.3798828125, 109.35221354166666)
['801_135'] (101.6748046875, 104.36246744791666, 109.47542317708333)
['802_135'] (109.77701822916666, 114.69010416666666, 115.6953125)
['803_180'] (123.27132161458333, 126.72477213541666, 128.8310546875)
['804_135'] (96.82779947916666, 101.46370442708333, 103.80289713541666)
['805_135'] (104.01953125, 107.60400390625, 106.46337890625)
['806_180'] (81.87906901041666, 86.23014322916666, 85.3544921875)
['807_180'] (105.29947916666666, 107.11295572916666, 109.84912109375)
['808_180'] (99.0537109375, 103.50406901041666, 103.60091145833333)
['809_180'] (126.00260416666666, 132.99869791666666, 136.24674479166666)
['811_180'] (78.2451171875, 89.17740885416666, 87.10498046875)
['812_180'] (88.7783203125, 93.6845703125, 94.06608072916666)
['813_180'] (104.89095052083333, 108.7705078125, 111.11018880208333)
['814_180'] (92.916015625, 103.79833984375, 121.28011067708333)
['815_180'] (100.40836588541666, 102.19075520833333, 104.65022786458333)
['816_180'] (100.17985026041666, 104.41487630208333, 104.26920572916666)
['817_180'] (58.30891927083333, 88.76692708333333, 78.01676432291666)
['818_180'] (69.49283854166666, 72.77425130208333, 74.09326171875)
['819_135'] (108.76725260416666, 114.77913411458333, 119.4970703125)
['820_180'] (81.29410807291666, 87.78662109375, 91.46549479166666)
['821_180'] (99.9794921875, 103.66829427083333, 101.85319010416666)
['822_135'] (125.89680989583333, 128.10432942708331, 131.93326822916666)
['823_180'] (77.69645182291666, 80.634765625, 92.50439453125)
['824_180'] (117.9892578125, 127.23079427083333, 133.44417317708331)
['825_180'] (132.67203776041666, 132.81298828125, 129.64583333333331)
['826_180'] (119.30631510416666, 117.90462239583333, 116.50358072916666)
['827_135'] (108.70084635416666, 115.34440104166666, 129.38151041666666)
['828_135'] (118.3056640625, 122.23095703125, 127.29443359375)
['829_180'] (113.69449869791666, 121.8935546875, 123.17561848958333)
['830_135'] (84.52652994791666, 88.23714192708333, 92.73551432291666)
['831_180'] (103.48746744791666, 102.87662760416666, 113.99381510416666)
['832_180'] (112.95279947916666, 121.60465494791666, 129.86116536458331)
['833_180'] (118.74446614583333, 122.923828125, 132.88785807291666)
['834_180'] (89.32991536458333, 92.12972005208333, 100.38248697916666)
['835_180'] (92.19010416666666, 99.04671223958333, 99.86100260416666)
['836_135'] (107.99348958333333, 112.80045572916666, 113.65983072916666)
['837_180'] (115.06966145833333, 127.8759765625, 133.89029947916666)
['838_180'] (110.41796875, 113.75032552083333, 119.52766927083333)
['839_135'] (94.29069010416666, 97.04573567708333, 97.7783203125)
['840_90'] (97.11458333333333, 109.77034505208333, 106.64957682291666)
['841_180'] (111.72412109375, 98.68180338541666, 95.55696614583333)
['842_180'] (82.32145182291666, 88.55501302083333, 103.78564453125)
['843_180'] (96.6650390625, 102.99365234375, 104.75032552083333)
['844_180'] (119.39567057291666, 127.98649088541666, 129.59228515625)
['845_135'] (115.07633463541666, 127.71565755208333, 104.44694010416666)
['846_180'] (81.166015625, 92.41243489583333, 91.68245442708333)
['847_180'] (108.89632161458333, 121.10823567708333, 121.31201171875)
['848_180'] (88.966796875, 100.10270182291666, 108.63753255208333)
['849_180'] (97.14241536458333, 102.33235677083333, 102.28531901041666)
['850_180'] (101.26643880208333, 102.60970052083333, 106.70491536458333)
['851_180'] (86.869140625, 87.45393880208333, 86.94059244791666)
['852_180'] (98.21110026041666, 104.70784505208333, 104.80550130208333)
['853_180'] (108.73453776041666, 113.13151041666666, 112.79866536458333)
['854_180'] (93.43033854166666, 102.15169270833333, 105.87906901041666)
['855_135'] (105.9541015625, 104.51595052083333, 111.2197265625)
['856_180'] (103.04427083333333, 106.2958984375, 108.74772135416666)
['858_180'] (126.67399088541666, 125.41861979166666, 120.19596354166666)
['859_180'] (119.95068359375, 122.80110677083333, 123.41341145833333)
['860_135'] (103.79443359375, 113.90673828125, 121.08251953125)
['861_180'] (91.26432291666666, 96.35465494791666, 93.93001302083333)
['862_180'] (108.21370442708333, 113.5791015625, 117.68180338541666)
['863_180'] (98.25244140625, 95.01920572916666, 93.666015625)
['864_180'] (107.50260416666666, 111.59912109375, 108.89729817708333)
['865_180'] (122.59195963541666, 114.26643880208333, 91.04606119791666)
['866_180'] (91.17138671875, 104.4638671875, 118.49007161458333)
['867_135'] (109.30745442708333, 120.00716145833333, 121.63704427083333)
['868_135'] (68.8466796875, 60.784342447916664, 117.20979817708333)
['869_180'] (110.00439453125, 112.98746744791666, 113.96663411458333)
['870_135'] (115.7333984375, 122.83333333333333, 124.46565755208333)
['871_180'] (83.34765625, 92.4072265625, 100.009765625)
['872_180'] (84.09798177083333, 85.1494140625, 86.02978515625)
['873_180'] (102.51220703125, 102.81038411458333, 101.29069010416666)
