['n00004475_15899'] (123.191776, 125.91691733333334, 123.41096533333334)
['n00004475_32312'] (27.07447754137116, 31.856671394799058, 38.35239716312057)
['n00004475_35466'] (118.44108474576271, 128.487593220339, 129.24088983050848)
['n00004475_39382'] (104.32683520599251, 95.45173220973783, 85.41628277153558)
['n00004475_41022'] (52.48527363725383, 52.162077031879015, 63.98490371015124)
['n00004475_42770'] (173.1037135678392, 174.01572864321608, 161.00288944723619)
['n00004475_54295'] (93.36351351351351, 112.6737957957958, 103.48756156156156)
['n00004475_6590'] (55.96785987261146, 66.96657749469213, 80.25267515923566)
['n00005787_105'] (92.63285866666668, 116.33167466666667, 167.01710400000002)
['n00005787_119'] (137.06145833333335, 163.53750000000002, 52.73416666666667)
['n00005787_154'] (98.88775466666667, 84.24551466666666, 5.300842666666667)
['n00005787_157'] (166.70887466666667, 76.42515200000001, 36.711013333333334)
['n00005787_175'] (110.93479466666668, 118.970016, 116.48858666666668)
['n00005787_185'] (55.34428266666667, 114.10484266666667, 130.34661866666667)
['n00005787_186'] (71.43263466666667, 87.21725866666667, 89.90944)
['n00005787_190'] (111.92122133333334, 92.046352, 87.23818666666668)
['n00005787_198'] (146.69380266666667, 144.746608, 14.980048)
['n00005787_220'] (138.73932732732732, 104.70915915915916, 63.72884084084084)
['n00005787_226'] (99.1267145196786, 103.8521098827985, 62.800047341215006)
['n00005787_236'] (47.09990977443609, 105.2895388471178, 127.92669172932331)
['n00005787_239'] (138.08821866666668, 145.66713066666668, 41.604512)
['n00005787_260'] (91.04484266666667, 100.77106133333334, 104.20458666666667)
['n00005787_271'] (123.38604982206405, 122.36226334519573, 68.06770106761566)
['n00005787_295'] (170.009344, 146.39280533333334, 27.506112)
['n00005787_305'] (105.2427087087087, 123.9763003003003, 110.00777777777778)
['n00005787_337'] (34.786224000000004, 59.27804266666667, 79.86253333333333)
['n00005787_346'] (0.0, 0.0, 0.0)
['n00005787_377'] (140.4342380952381, 158.14489947089947, 141.32920634920634)
['n00005787_418'] (86.75156266666667, 112.67426133333333, 63.498997333333335)
['n00005787_422'] (74.10259733333334, 75.877216, 75.77685866666667)
['n00005787_425'] (67.80249074074074, 76.53416666666666, 52.63875925925926)
['n00005787_457'] (141.44164108321115, 156.69416124450146, 156.60345262096774)
['n00005787_471'] (130.47135135135136, 152.578, 90.76065465465466)
['n00005787_486'] (131.50945066666668, 132.42581333333334, 131.39413333333334)
['n00005787_499'] (101.52463466666667, 133.352272, 89.07810133333334)
['n00005787_522'] (91.85715, 174.76691000000002, 22.553515)
['n00005787_527'] (112.91013866666667, 87.57026133333333, 22.812517333333336)
['n00005787_539'] (111.63967567567568, 115.81896096096096, 94.80646846846847)
['n00005787_543'] (120.70283985765124, 127.3697793594306, 120.17658362989323)
['n00005787_568'] (65.37044444444444, 96.52533333333334, 137.8387111111111)
['n00005787_572'] (203.6769546666667, 203.60997333333336, 34.798517333333336)
['n00005787_575'] (53.1838978978979, 80.4100900900901, 113.5464024024024)
['n00005787_583'] (57.137568, 102.44060800000001, 146.70739733333335)
['n00005787_591'] (123.85477477477478, 120.70606006006005, 100.55573573573574)
['n00005787_592'] (57.126504201680675, 129.38606722689076, 131.71501960784315)
['n00005787_613'] (50.04930133333334, 101.643984, 88.46361066666667)
['n00005787_618'] (99.36544533333334, 115.89014933333334, 119.57706666666667)
['n00005787_638'] (157.10106666666667, 137.82340266666668, 12.595525333333335)
['n00005787_645'] (182.15384533333335, 120.57744000000001, 1.400848)
['n00005787_647'] (81.23480825958703, 81.26737463126844, 67.5237168141593)
['n00005787_654'] (94.3688201058201, 118.59915873015873, 121.51906878306879)
['n00005787_659'] (80.73285, 93.99288333333334, 98.13466666666667)
['n00005787_66'] (134.26639053254436, 113.61202366863905, 51.8352899408284)
['n00005787_669'] (120.00330666666667, 129.617088, 65.68713600000001)
['n00005787_70'] (149.40346102150536, 118.61626344086021, 90.27710733486943)
['n00005787_754'] (123.94925784563189, 119.24703138252757, 124.22279474130619)
['n00005787_797'] (116.60617989417989, 127.19643915343916, 129.96031746031747)
['n00005787_830'] (126.4440794967433, 94.05566998830929, 56.359108537920534)
['n00005787_849'] (103.09895833333333, 110.48240131578947, 83.08212719298245)
['n00005787_854'] (98.87396396396396, 107.1506906906907, 98.55474474474475)
['n00005787_858'] (0.0, 0.0, 0.0)
['n00005787_859'] (113.70942400000001, 98.105168, 95.61009066666668)
['n00005787_97'] (74.600848, 65.49359466666667, 75.15071466666667)
